100
1 I 1.367094 3.346543 0.227646
2 I 5.367443 1.390344 2.065158
3 I 2.719033 2.609903 0.315595
4 I 3.161877 0.377250 1.727533
5 I 9.442686 7.666288 9.112634
6 V 8.606157 6.744794 6.926621
7 V 6.350777 8.690054 4.700059
8 V 9.797290 9.881280 4.343721
9 I 6.428672 1.066298 8.933557
10 I 7.812203 3.786899 7.908726
11 V 7.314880 1.960207 0.350069
12 I 6.145968 6.305416 0.866389
13 I 3.474451 7.931238 7.883905
14 V 0.958984 3.073229 0.057710
15 V 5.184504 1.104559 8.888679
16 V 7.757963 5.081881 5.866964
17 I 2.725277 5.740298 2.328912
18 V 6.696357 6.768768 9.709034
19 V 7.623473 1.806413 1.582454
20 V 5.832165 5.500004 4.674055
21 I 0.406958 2.952856 2.523575
22 I 9.936727 1.689569 4.069372
23 I 1.843838 0.417287 4.988023
24 I 6.573290 5.661884 2.696202
25 V 6.810081 8.042500 0.292408
26 V 4.622382 7.894637 1.048620
27 V 0.731992 7.126066 2.913182
28 V 1.675405 0.310009 9.406353
29 V 9.860169 4.630535 9.731996
30 I 3.484483 7.462256 4.007148
31 V 7.015324 7.270691 0.460129
32 V 0.903240 1.918713 5.641622
33 I 1.521171 3.800995 4.309815
34 I 2.256774 0.685199 0.253877
35 V 9.535931 4.291540 8.166931
36 V 2.647358 0.186409 1.801904
37 I 2.220182 9.294389 0.181986
38 I 1.526344 2.307414 0.644049
39 I 1.331891 1.133523 1.315977
40 I 8.952418 1.194296 9.282249
41 V 2.956984 9.771093 5.396061
42 V 1.328199 6.643697 0.076087
43 V 3.972831 0.828513 7.144921
44 V 0.841305 4.613247 1.387778
45 V 0.251027 2.527261 0.983439
46 V 4.102546 4.150837 8.590340
47 V 8.512500 5.491722 4.375201
48 V 1.099768 0.219563 9.974237
49 V 7.406831 4.345971 9.921138
50 I 2.893220 3.334308 9.179331
51 I 2.702349 7.871485 5.950858
52 I 4.516535 4.004387 9.556004
53 V 0.529340 6.517878 6.157755
54 V 5.513440 9.886059 7.007680
55 I 0.123340 2.828767 9.376306
56 V 7.864243 2.678251 1.507946
57 V 2.393004 3.283858 4.634726
58 I 1.285783 5.199334 3.113619
59 I 1.187819 8.916190 3.603141
60 I 9.221882 2.919169 5.197072
61 V 8.068685 0.086405 9.539876
62 V 2.829512 7.881761 7.180062
63 I 6.083392 6.998183 7.675239
64 V 3.641387 7.463856 0.116739
65 V 3.298000 7.381447 8.869238
66 I 5.683423 3.791681 3.476668
67 I 7.123746 0.335191 4.481105
68 V 8.739107 0.236164 6.670316
69 I 8.165235 2.133666 7.274076
70 V 6.796439 1.437658 3.543375
71 V 0.498867 4.319003 5.227900
72 I 7.484055 8.707115 5.415704
73 V 2.102897 7.207462 1.757899
74 I 8.636942 0.740839 1.568725
75 V 0.217618 6.606712 2.312865
76 V 5.227990 7.247281 1.028741
77 I 2.650172 9.980461 5.531640
78 I 2.547447 8.535271 1.606216
79 I 0.572699 4.184505 9.429017
80 I 1.798620 4.459671 4.347298
81 I 7.544705 0.343673 8.902273
82 I 0.296934 1.583960 1.408734
83 I 3.862767 6.132855 6.982737
84 I 2.356784 9.335690 9.673209
85 V 9.636596 8.204506 0.621152
86 V 9.697644 6.621959 2.528542
87 I 6.360563 0.164253 7.237442
88 I 8.843272 7.766232 0.298771
89 V 4.453934 8.206188 0.560882
90 I 2.061953 6.900053 2.475374
91 V 2.558188 3.324897 3.181644
92 V 5.821732 3.565497 6.732257
93 I 9.490954 0.676944 1.227790
94 V 4.218394 4.791652 2.753261
95 I 1.966887 3.217022 3.572186
96 V 6.027903 3.734583 7.656775
97 I 9.692074 4.463001 0.013317
98 I 3.146721 1.385193 2.812866
99 V 6.322511 8.820918 5.258307
100 I 2.841698 0.059773 1.046744
