1000
1 I 19.580885 42.282049 73.054446
2 I 79.042021 32.513700 93.640719
3 V 62.550169 97.981179 95.899916
4 V 98.280159 0.522481 23.806480
5 V 0.482459 16.727684 26.162224
6 V 51.893537 35.236293 16.420361
7 V 81.869085 60.798420 42.199435
8 I 30.169023 59.155214 94.400752
9 I 90.661528 99.134519 69.155535
10 V 34.487487 16.042236 43.574294
11 V 24.820079 53.870196 41.287498
12 V 62.461833 99.593617 10.431014
13 I 48.221997 52.124089 50.227081
14 V 15.869112 75.222778 10.701287
15 V 85.714597 31.625407 35.583957
16 I 10.565559 65.884835 38.910832
17 I 67.240148 46.453055 62.058113
18 V 56.059175 7.182599 77.270192
19 I 40.461080 29.804930 59.447790
20 V 26.958019 57.335413 12.123458
21 I 69.810828 42.219771 90.847096
22 V 0.283267 11.858865 43.805984
23 I 99.996994 98.582727 12.010715
24 V 94.453463 66.345032 52.372648
25 V 29.603715 96.652575 44.567320
26 I 20.801979 97.646874 36.515729
27 I 97.071597 5.157299 77.032882
28 V 84.418295 45.756090 98.595288
29 I 86.954913 30.838072 26.766138
30 V 66.187427 77.261182 2.318265
31 V 70.438683 89.358205 20.158014
32 V 75.632599 22.450684 7.407039
33 V 6.245671 38.992307 18.903585
34 V 32.324623 51.721443 29.938825
35 V 31.707055 85.959683 63.317678
36 I 18.929755 89.577458 83.885997
37 V 7.889823 81.832095 21.664409
38 I 40.529744 61.296175 29.934358
39 I 52.677120 8.036708 50.181011
40 V 36.302731 72.973961 26.425181
41 V 77.026965 71.743902 14.926377
42 I 15.282055 70.854138 12.577656
43 I 28.803635 26.699088 64.324439
44 V 90.334261 98.119322 73.772770
45 V 75.240888 86.160093 70.336093
46 V 31.481711 73.822981 34.073571
47 I 75.022701 32.690307 2.156063
48 I 0.741845 35.191304 47.924199
49 V 52.018732 56.093535 89.089079
50 I 9.581823 20.967237 43.579216
51 V 48.928750 25.519092 94.532167
52 V 86.239569 54.194784 75.429759
53 I 83.962559 23.400545 70.578352
54 V 55.840763 94.387187 31.840317
55 I 24.056715 37.644568 35.128417
56 I 8.284512 28.412986 91.146770
57 V 59.966553 89.844378 75.905933
58 V 68.481673 50.444067 85.488247
59 V 94.968731 77.098535 4.691690
60 V 66.318004 41.420274 5.807986
61 V 15.071263 94.278583 80.839037
62 V 2.356173 35.964922 84.735159
63 V 59.309813 9.533242 58.341324
64 I 82.419255 82.048063 12.617692
65 V 54.356504 27.336281 97.173352
66 I 13.441822 0.590154 37.115104
67 I 66.555028 90.622703 14.019691
68 I 80.399654 71.431375 45.190897
69 I 53.634853 67.072315 54.199292
70 I 18.884854 48.823673 36.310013
71 I 44.305733 56.124032 7.517357
72 V 52.898538 80.792481 70.297879
73 I 19.144540 52.803405 89.019581
74 V 37.791999 36.332399 28.723148
75 I 4.534368 42.392350 30.517484
76 I 86.402209 99.085787 21.959246
77 V 10.603700 59.517783 74.026501
78 I 37.120432 82.128051 59.744074
79 I 11.840710 53.913320 44.747174
80 I 70.589702 88.154091 21.296496
81 V 85.111651 26.926918 77.376249
82 V 91.787043 0.294899 21.535260
83 V 49.323478 0.000161 94.054788
84 V 76.806868 6.872005 35.069250
85 I 77.463208 58.741573 34.374446
86 V 73.204523 62.443822 2.598016
87 I 56.399618 29.256010 85.029653
88 V 43.010962 27.092214 49.134912
89 I 46.643960 1.173513 13.455677
90 I 35.878502 93.613538 62.112075
91 V 23.254056 51.510178 1.404963
92 I 57.448985 61.102374 92.817204
93 V 17.260817 80.627630 19.107258
94 V 16.886817 96.605022 95.257222
95 V 8.599495 67.210784 96.329973
96 V 31.997816 54.010152 42.143630
97 I 58.481408 70.658731 37.943557
98 V 41.266695 67.294054 41.516176
99 I 8.500630 9.475800 68.236618
100 V 69.969559 42.998233 63.281867
101 I 93.155895 65.045864 63.532344
102 V 77.749029 10.823117 4.626384
103 I 21.604196 56.957875 48.773971
104 V 1.022565 20.886012 85.526830
105 I 24.667983 82.396496 40.615093
106 V 98.020993 56.378268 78.271544
107 V 74.109015 43.606294 36.892343
108 V 90.290876 96.614050 82.106740
109 I 37.290462 31.747554 30.573563
110 I 86.805356 65.634334 23.966224
111 I 87.012090 82.636521 24.393167
112 I 64.928142 39.901112 70.161140
113 V 67.976714 44.732981 69.768734
114 I 94.554567 38.844489 73.131290
115 V 37.414982 80.518418 6.912155
116 V 98.391320 81.594974 73.510683
117 I 35.416694 84.022195 72.632118
118 V 22.825361 4.693785 18.893830
119 I 29.137078 54.961877 93.785171
120 V 94.336895 25.174548 38.964105
121 I 8.072294 93.183517 38.160823
122 V 53.613350 44.352889 91.889018
123 V 85.305069 64.937338 61.077343
124 I 72.437504 6.089990 35.724472
125 I 79.257580 28.904663 23.459734
126 I 75.068936 75.043256 12.705307
127 I 98.853033 61.395998 51.012963
128 I 0.409880 59.494329 42.921269
129 I 57.201612 83.361625 47.339124
130 I 19.799490 69.351371 64.804868
131 V 12.552729 42.371367 59.730715
132 I 41.611058 84.126067 72.585228
133 V 42.034409 35.408442 3.136247
134 V 83.888804 35.441689 15.365760
135 V 40.365878 7.211795 52.199337
136 I 38.189794 69.201349 13.176478
137 V 18.420454 32.528982 66.235049
138 I 50.795092 23.109398 45.738445
139 V 11.466098 83.036561 84.710541
140 V 73.501079 50.429280 32.571992
141 V 25.907546 59.515522 18.993714
142 I 25.217727 47.390974 49.490268
143 V 16.687602 63.275280 3.261870
144 V 25.119575 94.914407 4.651509
145 V 70.240563 58.260438 75.128793
146 V 96.736595 16.288909 82.424901
147 I 97.051862 43.283885 2.202230
148 V 8.448426 8.638374 44.692992
149 I 31.533921 64.709681 92.639817
150 I 32.371192 36.851719 64.204798
151 V 52.928406 68.923369 60.699637
152 I 60.593360 50.255824 22.896047
153 I 59.549885 8.085221 58.006539
154 I 45.610930 54.170648 72.987447
155 I 24.930378 16.133081 33.584276
156 I 37.129716 21.359671 95.671721
157 V 20.332399 63.578418 65.048131
158 I 25.959687 87.565064 61.939758
159 V 32.945646 90.059836 91.252433
160 V 62.355337 56.043234 14.008352
161 V 69.111854 34.194384 20.917110
162 V 68.906323 59.568374 5.061962
163 I 32.285636 30.987697 45.117661
164 I 15.731958 90.090289 18.203378
165 I 66.403014 91.166917 88.178972
166 V 88.585717 41.312279 60.311837
167 V 84.543612 55.850240 40.301432
168 V 74.503068 97.427363 40.664229
169 V 51.907187 14.730819 58.391008
170 V 4.766972 98.493905 49.333352
171 V 1.354732 5.925310 70.730339
172 V 75.378245 35.122566 39.613310
173 I 82.986470 6.840683 35.519440
174 V 42.053905 0.729331 67.010993
175 V 93.689554 41.020552 31.015625
176 V 57.129246 77.080891 26.138613
177 I 73.828892 39.128882 49.623297
178 V 8.302155 61.278481 33.575135
179 I 60.418901 62.519109 89.873010
180 V 53.285255 31.906155 77.557542
181 I 28.599480 47.056314 22.791211
182 V 55.897834 60.890206 85.613032
183 I 95.569949 3.249990 10.143366
184 I 69.668683 52.670569 89.206800
185 I 14.990068 12.922338 58.489328
186 I 14.235599 41.173661 93.777166
187 I 17.499623 29.140375 84.987329
188 I 12.076938 46.212416 23.452753
189 I 57.911682 57.736022 38.132844
190 V 26.999727 74.637281 26.325466
191 V 62.758694 26.739704 82.088805
192 I 96.613855 29.349589 81.117371
193 I 75.042684 85.513707 76.031910
194 V 92.189868 10.367203 80.056496
195 I 74.536656 8.781079 24.020498
196 I 48.892863 18.765905 37.538507
197 V 70.585173 40.054143 6.809847
198 I 71.995947 19.194694 7.425027
199 V 62.270766 61.554841 25.964546
200 I 11.966330 15.830003 11.428854
201 V 73.969311 44.828353 81.043047
202 I 80.020233 9.560136 81.117080
203 V 94.732620 23.562630 96.261579
204 V 9.094904 76.154244 53.890545
205 V 15.338056 14.554647 99.341741
206 I 48.315225 95.891191 93.620212
207 I 61.199640 74.612450 68.074881
208 I 89.291327 76.224189 61.650779
209 V 39.925014 31.039009 12.609464
210 V 73.559127 63.714116 37.426891
211 V 68.397042 49.303245 90.231305
212 V 3.755678 28.216083 23.579948
213 V 21.425776 4.203996 31.232289
214 V 20.215082 11.134457 5.758882
215 I 78.141333 91.541910 88.909959
216 V 30.891111 66.402325 55.979396
217 I 85.304312 42.151973 93.858776
218 I 34.889645 51.316284 78.340922
219 I 69.173478 61.479092 31.944137
220 I 2.394331 96.887173 7.147518
221 I 69.506078 55.668265 13.460510
222 I 29.391164 84.899646 23.558858
223 I 6.576401 4.838256 60.568709
224 I 7.066177 8.265036 93.914711
225 I 12.308914 89.632232 81.999149
226 V 25.890054 51.170651 87.609394
227 V 15.264249 62.003418 26.302086
228 I 82.005137 87.297943 88.358463
229 V 4.786159 97.774677 91.501183
230 V 52.120028 72.820458 22.450360
231 I 54.058091 64.709781 63.208538
232 I 49.856365 33.764937 87.781204
233 I 68.140631 92.926512 89.344804
234 V 89.777105 65.164635 87.080996
235 V 37.362009 65.892996 12.299821
236 V 39.196609 38.242247 24.775099
237 V 90.015417 60.587604 43.012715
238 I 56.419586 89.382126 95.792848
239 I 2.129565 52.969833 20.462501
240 V 10.640583 57.161736 12.230562
241 V 1.088707 60.378637 30.457384
242 I 41.793647 14.252474 83.041803
243 V 65.065411 55.296860 55.222299
244 V 17.074245 5.863756 88.570087
245 V 91.607036 56.348101 53.138130
246 I 75.873428 75.635153 58.531589
247 I 63.538094 87.956575 12.278287
248 I 81.624176 39.778901 89.411013
249 I 20.742658 24.239446 27.333683
250 I 62.428611 77.237147 0.567267
251 V 50.898341 8.433199 98.818939
252 V 76.053573 86.275347 81.485958
253 I 1.883052 9.060134 12.292984
254 I 35.439833 50.392124 93.862168
255 V 14.429010 81.068233 45.407057
256 I 65.059131 91.000065 32.929995
257 I 17.265977 45.441313 59.113280
258 I 67.516317 65.474467 91.772289
259 I 65.265858 47.974795 63.749735
260 I 16.750252 99.495011 53.667209
261 V 84.973599 78.926105 45.871547
262 V 83.525224 42.409844 29.577283
263 V 37.568630 54.919360 64.816117
264 V 53.768584 58.218020 61.831123
265 V 19.320330 88.735341 32.887431
266 V 45.571859 67.894073 80.695857
267 I 61.156506 60.221169 81.641229
268 V 44.584079 50.820649 88.298601
269 I 91.412403 43.438607 74.582675
270 I 29.717634 23.140814 66.877672
271 I 97.303679 60.791935 21.741287
272 V 5.349232 4.085543 45.315133
273 V 11.340049 33.069787 90.057159
274 I 60.369842 1.053675 78.635759
275 V 51.551795 23.206649 20.376859
276 I 9.527915 76.812363 12.389125
277 V 74.903447 10.406880 57.785980
278 V 98.628907 57.275920 73.589467
279 V 56.169851 70.694421 6.520159
280 V 79.287617 61.158377 28.528215
281 I 80.484221 92.997516 35.158958
282 V 33.734001 97.382346 68.674680
283 V 80.007624 56.046132 41.701920
284 V 56.250268 70.025378 25.378128
285 I 25.435390 37.288027 80.591625
286 I 73.463314 95.877043 6.158007
287 V 79.273073 33.692931 96.308245
288 I 18.424284 31.912581 73.613828
289 I 65.287611 83.116165 46.768597
290 I 89.988511 99.104119 97.334385
291 V 64.260951 20.226900 8.174956
292 V 56.610020 62.352376 86.337222
293 I 23.095171 23.518804 64.058869
294 I 80.934084 99.377689 27.617096
295 V 43.894243 81.310605 8.571288
296 V 56.525927 54.117562 67.017851
297 V 45.623642 51.559609 80.030692
298 I 24.286799 44.843122 62.239430
299 V 92.460458 70.591565 64.256718
300 V 82.342810 14.383779 49.266062
301 I 49.543387 34.100229 48.946832
302 I 59.750745 21.594539 17.555502
303 I 4.636467 20.377053 64.263681
304 V 60.559295 92.091752 9.419442
305 V 46.694556 94.604044 90.114887
306 I 56.636537 77.652563 90.856675
307 I 54.935397 30.304464 70.848349
308 V 93.538446 85.221233 69.130989
309 I 65.445988 78.144447 23.218304
310 V 48.090408 65.432540 60.008621
311 V 29.781768 57.181091 25.254394
312 I 70.955839 97.695221 80.506423
313 V 81.051198 26.297784 42.214844
314 V 60.689558 3.730878 66.712893
315 I 84.414840 25.529658 78.303038
316 I 98.578896 27.612481 8.306631
317 I 24.134230 31.392016 79.842086
318 V 52.973018 90.003553 34.484901
319 I 92.417760 74.224111 76.725596
320 I 41.034394 63.879825 97.881053
321 V 68.637417 23.332064 33.668106
322 V 90.398494 13.528161 62.792804
323 I 19.800347 84.487047 74.849614
324 I 37.478205 31.822307 33.238986
325 I 50.183092 5.742973 28.086585
326 V 65.104096 60.022863 27.005657
327 I 90.408313 53.973117 11.914572
328 I 42.607502 83.442651 48.398355
329 I 6.367832 6.352101 47.878884
330 I 23.861096 68.093755 30.569183
331 V 51.162919 10.215388 13.481144
332 I 78.994042 28.746056 79.079572
333 V 23.400633 83.466945 56.491389
334 I 88.410869 49.806232 55.041103
335 I 68.121173 2.803984 5.658692
336 V 33.083570 34.404948 34.250577
337 I 91.555111 61.111745 3.192464
338 I 11.873133 19.937946 41.044775
339 V 82.571743 91.682628 35.254323
340 V 63.805217 67.331610 15.430862
341 I 83.317106 76.241593 41.889615
342 I 50.951591 49.742527 95.539514
343 V 61.934884 74.065327 40.678695
344 I 42.036295 16.395307 73.810670
345 V 44.878799 63.665503 67.184796
346 V 77.174726 47.984668 24.419955
347 V 42.042432 51.629808 1.491107
348 I 64.406622 97.670504 7.285799
349 I 11.301894 55.592837 59.832532
350 V 22.128882 93.972191 78.478329
351 I 40.015657 75.872767 9.043643
352 I 64.948436 50.671787 67.807702
353 V 0.179838 20.431170 59.502886
354 V 91.695001 85.564482 81.561413
355 V 71.229522 18.336095 72.729097
356 I 3.003692 64.148156 63.668229
357 V 92.982930 41.852876 1.628164
358 V 11.449030 64.647481 16.845660
359 V 75.076696 48.748298 33.056162
360 V 44.688419 81.938717 51.675713
361 V 39.769038 34.679460 53.577658
362 V 27.609725 97.990493 51.933982
363 I 12.358229 25.656669 85.222458
364 V 99.438349 24.323861 96.511120
365 V 1.358829 82.721702 87.828791
366 I 27.892243 39.563647 8.963129
367 V 26.518825 61.619679 41.280534
368 I 34.924022 1.597048 55.045596
369 I 99.862175 33.959823 93.169735
370 I 93.615761 74.384923 57.123609
371 I 24.953825 85.856175 94.590382
372 V 91.979266 33.308701 48.230653
373 V 95.599059 30.608802 27.968663
374 V 38.839076 29.030050 91.582133
375 V 77.169712 39.989695 0.886740
376 V 80.508531 15.812946 85.803886
377 I 59.001523 11.263112 78.101188
378 V 38.202457 2.036323 41.936357
379 I 67.207263 88.754647 43.815454
380 I 32.706510 9.643789 91.209848
381 I 94.223724 38.341301 66.205979
382 I 77.371445 63.069084 81.293089
383 V 77.807230 32.144945 71.604041
384 V 50.213475 46.792174 57.866140
385 I 86.070209 0.589879 52.420426
386 I 40.700604 34.695050 17.157154
387 I 18.736548 26.525433 37.388799
388 I 34.177364 12.557884 19.670140
389 V 92.469474 70.256731 34.852646
390 V 16.161161 24.124045 63.523658
391 I 77.951858 94.706953 99.062031
392 I 15.016295 79.312349 29.655652
393 I 59.784869 50.491611 42.867688
394 I 83.107357 68.724193 88.237484
395 V 96.981822 42.597953 48.262390
396 I 17.454823 69.836133 85.350637
397 V 93.373069 55.678327 20.693578
398 I 6.638020 72.366621 41.996197
399 I 75.503722 9.656981 71.043935
400 I 5.332055 18.308540 91.361827
401 I 72.302594 10.655039 39.819012
402 V 45.410385 67.439115 24.277294
403 I 88.672644 35.859023 26.806158
404 V 8.871131 46.017747 78.626036
405 I 23.991911 27.728087 96.861166
406 I 40.103320 87.102490 55.798868
407 V 53.569953 41.690232 72.479042
408 I 37.744813 37.514633 38.679693
409 V 40.671353 4.739949 46.184932
410 I 90.323843 75.388867 76.876020
411 I 56.585767 59.401007 79.364322
412 I 80.714419 61.636931 10.311726
413 I 19.277167 53.313894 21.595702
414 I 90.276346 99.815820 19.812320
415 I 43.324334 79.558757 79.060196
416 V 73.462395 22.821154 35.640056
417 I 96.391462 11.167124 11.161476
418 V 21.531217 80.926768 83.168806
419 V 6.496034 91.849213 14.745938
420 V 30.848049 39.238397 67.896302
421 V 31.583152 54.811732 73.623319
422 V 78.304831 57.736839 15.896199
423 V 93.074577 62.284817 73.880704
424 I 58.288398 18.605241 37.350177
425 I 21.081471 62.022398 35.314519
426 I 26.063878 82.517634 8.254970
427 V 39.727674 64.697952 24.113965
428 V 92.043147 7.898188 90.710132
429 I 81.110221 20.447036 92.369114
430 I 99.428815 0.430791 82.440296
431 V 49.232868 77.008868 92.132900
432 I 85.684833 52.209128 83.404029
433 V 11.543571 50.533102 53.485169
434 I 67.683974 91.155343 20.092059
435 V 61.864430 2.955354 33.532942
436 I 24.117110 43.048090 0.934254
437 I 39.189050 82.530020 31.065079
438 I 22.735169 30.496745 78.774993
439 I 2.448185 35.534147 60.531214
440 I 50.254287 21.205363 34.043317
441 V 18.936775 77.211891 26.578587
442 I 30.510676 66.655011 81.709439
443 V 92.169091 33.540218 44.665503
444 I 50.260608 37.494400 82.833732
445 V 1.159652 42.653796 86.904138
446 V 78.739727 48.393764 56.733210
447 I 52.584524 4.051660 47.116485
448 V 11.672518 42.515348 81.882848
449 I 30.101655 40.421333 64.814509
450 I 50.542759 47.198252 36.383709
451 V 1.102187 69.964421 32.456335
452 I 94.204557 49.834082 9.538772
453 I 60.517618 64.200368 29.479930
454 V 27.045841 55.937417 31.625626
455 I 97.273121 73.699955 22.936801
456 V 85.967910 10.663921 11.147107
457 I 33.776523 10.800790 42.276000
458 I 51.881430 15.044105 10.272264
459 V 61.924217 82.953293 33.636003
460 I 89.495157 30.244855 61.842875
461 V 13.610652 64.456054 41.623410
462 V 1.752399 11.803434 44.877968
463 I 14.487114 4.172147 28.662224
464 I 13.246325 28.291554 69.624922
465 I 5.627095 63.029969 13.141302
466 V 89.446960 36.882002 96.494667
467 I 61.971599 49.137409 76.860138
468 I 95.745325 49.672878 61.701677
469 I 95.901004 87.575516 50.189657
470 I 35.056443 42.957744 26.337501
471 I 55.538403 48.865324 12.352533
472 I 12.872895 45.984483 47.464182
473 V 14.384649 93.773905 71.595571
474 V 90.796565 41.138590 65.242742
475 V 33.146810 69.120141 57.498104
476 I 14.485629 44.138131 17.783691
477 I 3.144399 73.982070 44.576104
478 I 72.017001 98.524348 19.287132
479 I 62.170568 38.738297 16.629337
480 I 40.037464 0.488912 4.872097
481 V 9.478374 33.801219 99.039244
482 V 49.410299 98.453983 64.299842
483 V 9.043479 28.152586 53.844836
484 V 98.864916 25.132838 17.046722
485 I 95.080944 4.624958 17.990897
486 I 11.444704 34.541963 98.192318
487 V 25.584581 20.202896 70.345994
488 V 84.658635 73.776257 87.105911
489 V 60.191106 95.936605 72.059062
490 I 96.761865 62.897639 93.052255
491 I 65.975380 71.976011 50.252099
492 V 16.117015 17.503602 35.416493
493 V 66.567682 30.814385 37.992486
494 I 21.597690 55.961448 47.011905
495 I 11.324460 76.467535 19.139637
496 V 86.480441 43.072461 92.736462
497 I 24.427376 67.347120 54.821850
498 I 35.254303 7.876618 25.186717
499 V 3.824409 63.089468 21.121857
500 V 59.629944 15.936471 75.773970
501 V 28.418350 61.855348 52.729071
502 I 14.838729 72.068356 54.351126
503 I 55.011998 52.711399 68.588833
504 I 32.843190 22.977059 82.117895
505 I 68.821251 89.389463 67.362611
506 V 82.416439 51.881287 87.105763
507 I 42.173026 72.206480 56.634272
508 I 89.976601 73.219088 77.799612
509 I 66.809186 38.308076 47.793110
510 V 7.470371 86.123432 8.300648
511 V 71.293924 66.932053 38.598315
512 V 74.104089 90.345056 40.488832
513 I 20.055163 41.956149 32.674380
514 I 22.910408 34.266459 94.605235
515 V 98.718906 21.186994 91.934258
516 I 52.082598 61.052561 72.635212
517 V 84.763547 19.181380 31.378765
518 I 75.889791 83.710393 70.323267
519 I 57.319867 47.054756 95.639467
520 I 2.564818 82.834559 14.556159
521 V 1.536453 23.097867 6.853400
522 I 7.844403 44.493886 77.374016
523 I 71.190764 47.932866 95.545854
524 V 62.294949 69.057892 51.854510
525 I 97.102141 51.260628 99.370674
526 I 46.248507 58.388871 18.472559
527 V 19.350292 20.765118 6.324244
528 I 9.470617 32.427566 61.232090
529 I 37.722360 12.616336 16.131754
530 I 9.023499 11.425992 46.557086
531 I 94.284560 5.626440 26.453854
532 V 92.699883 61.709512 30.707330
533 V 23.392855 87.448567 28.420884
534 I 45.747496 98.513169 20.785050
535 V 50.998243 65.868718 69.006948
536 V 61.757326 79.279742 4.728032
537 I 62.640044 54.258467 38.046558
538 V 53.256695 16.325185 19.245340
539 V 97.590643 14.060948 4.996369
540 V 54.864138 83.434092 83.840933
541 I 37.380069 75.758896 70.574738
542 V 15.529254 95.877048 56.677341
543 V 17.806402 60.704916 81.797479
544 V 94.271600 4.803832 24.131667
545 V 24.180512 89.405960 26.025776
546 I 79.396054 53.095943 27.192072
547 I 72.334026 89.391426 25.616626
548 V 12.198716 19.636373 30.060138
549 V 66.101258 35.191497 42.683675
550 V 28.334983 52.938854 47.407116
551 V 57.763496 57.232191 89.108977
552 V 93.002260 43.380445 59.144614
553 V 2.839358 13.277466 56.491685
554 V 13.213106 22.894736 56.704206
555 I 64.337373 92.480076 23.208091
556 I 32.044926 67.412711 66.287038
557 I 43.329646 67.007123 67.056503
558 V 47.909767 90.359104 4.311777
559 I 18.152191 97.437039 52.138711
560 V 11.435657 95.650183 95.008244
561 V 92.159188 15.463971 56.042497
562 I 76.694458 3.914058 64.394824
563 I 23.533534 33.754312 82.154038
564 V 89.119507 36.825670 81.853124
565 V 95.624012 28.338129 18.942590
566 I 9.195908 16.645273 40.500144
567 V 20.278367 52.160739 36.854223
568 V 9.538493 46.972027 34.330297
569 I 1.991340 95.243369 65.376006
570 I 9.620133 64.286096 12.948388
571 I 0.984168 10.152677 93.801576
572 I 79.252894 0.923853 29.176719
573 V 26.618208 9.089579 52.896349
574 V 8.846124 17.196614 92.098833
575 V 10.671283 24.060211 85.597114
576 V 85.097835 34.167259 8.686926
577 I 51.516920 82.046728 11.947827
578 I 50.709017 5.606749 89.094027
579 V 27.961037 96.400003 15.904618
580 V 5.550123 99.174973 40.526652
581 V 67.684616 93.578237 85.066699
582 I 86.067992 45.855058 21.646285
583 I 3.027986 97.598113 79.543017
584 V 48.166760 99.027394 30.686911
585 I 66.794455 96.811487 19.731778
586 I 74.695990 68.257705 21.927589
587 V 23.145356 61.552283 24.657083
588 I 35.197236 70.913974 26.368300
589 I 60.512801 60.017021 92.923310
590 I 58.373417 46.024499 27.782520
591 I 34.644433 92.531000 85.010705
592 V 29.713144 97.205105 28.938191
593 V 39.037226 98.920518 7.500936
594 V 58.007449 72.425965 73.154954
595 I 90.333775 14.371662 62.244080
596 I 34.863708 29.515958 21.835046
597 I 12.182100 7.947941 98.781055
598 V 89.072439 78.420018 3.280424
599 V 66.277846 69.202115 54.064568
600 V 96.915538 55.483504 12.502989
601 I 39.522596 83.703877 24.918436
602 V 13.713737 80.492484 64.626993
603 I 97.083326 28.538115 24.185610
604 I 51.421005 31.544180 92.762595
605 I 33.699361 20.930089 97.194146
606 I 66.949342 22.377066 99.118539
607 V 4.344921 38.504985 87.579244
608 I 2.723690 81.450774 28.052748
609 I 39.420330 31.074082 61.997793
610 V 69.320011 44.801145 14.059728
611 V 34.943439 54.308303 35.616746
612 I 80.553867 33.767265 14.672682
613 V 28.521764 74.603308 76.323499
614 I 50.339475 7.334060 20.547400
615 I 54.037015 93.065981 35.641833
616 V 73.318506 85.359940 96.673212
617 I 6.154194 56.718533 16.773366
618 I 21.301115 87.595034 3.817867
619 I 99.913964 11.610215 76.860078
620 I 80.637030 85.034429 22.725524
621 V 15.488260 31.286669 88.292667
622 V 4.550488 60.190185 75.231068
623 V 13.283545 23.417884 15.411252
624 I 36.628855 97.252591 53.643551
625 I 57.015956 2.556643 50.369875
626 I 88.148918 47.067243 67.164695
627 V 16.746282 64.036911 83.858830
628 V 41.743286 83.172470 87.865490
629 I 47.588722 80.478769 58.027956
630 V 56.509712 71.414178 68.425260
631 I 7.886966 75.624058 75.544164
632 I 88.155049 53.361812 82.116677
633 V 38.954699 31.692816 63.903774
634 I 31.994221 11.580736 16.719950
635 V 28.228872 66.596884 45.363820
636 V 73.420140 53.881159 62.838321
637 V 52.081055 57.272575 55.534665
638 I 81.217605 80.397583 71.474254
639 I 51.274265 31.929007 78.580986
640 I 1.011500 57.935943 26.780182
641 I 41.441149 43.066458 31.185919
642 V 80.961092 95.760312 82.522357
643 I 17.204658 45.071244 61.257484
644 V 68.655725 19.586294 52.735571
645 I 3.348541 0.569907 23.185705
646 I 86.076801 33.236458 53.315684
647 V 44.226966 83.647434 60.290623
648 I 90.799707 82.515842 5.090005
649 V 75.553486 63.274455 36.814132
650 I 73.710598 38.087025 20.620241
651 I 33.725647 63.694283 76.158243
652 V 10.254424 56.945633 58.310924
653 V 20.462959 81.935915 31.377646
654 V 46.448771 17.035698 22.297651
655 I 65.670558 17.017158 76.986237
656 V 7.717062 91.608549 15.605808
657 V 18.307580 79.952399 86.602681
658 V 52.113050 81.866851 50.317345
659 V 64.766376 22.210033 52.170308
660 I 36.058654 87.044648 35.991888
661 I 56.530366 48.946933 69.877137
662 V 64.919772 24.939046 43.242603
663 V 89.551723 12.177844 26.461001
664 I 48.153110 33.910440 16.594657
665 V 58.891809 61.665481 76.358969
666 I 46.484268 86.866475 63.880274
667 I 12.801222 93.519558 13.620096
668 V 14.499227 47.786050 8.523527
669 I 72.848021 9.630165 20.574267
670 V 2.506123 72.649977 26.602725
671 I 49.436638 51.537348 24.254383
672 I 53.353724 48.036678 78.124250
673 I 88.429965 83.372320 17.998773
674 V 20.910476 48.953699 22.560117
675 V 40.033341 46.617120 34.857206
676 I 47.525209 2.290569 43.112567
677 I 36.346974 96.881099 48.640169
678 I 9.528191 27.119851 16.109896
679 I 51.915931 30.813175 89.466844
680 V 15.195948 23.393433 51.032650
681 I 57.192926 64.751513 14.004316
682 I 3.534471 73.968322 42.911534
683 I 5.551407 1.905953 52.053247
684 I 79.037168 40.175393 91.302569
685 V 28.051430 62.162130 84.917841
686 I 23.763621 89.379019 80.383883
687 I 54.159096 50.401618 46.173154
688 I 33.585922 54.819094 91.781006
689 V 79.607522 69.531340 92.218642
690 V 85.102708 13.256769 64.991229
691 I 76.248046 76.813338 60.795248
692 I 64.548573 49.571757 15.507941
693 V 0.692249 9.571095 35.847198
694 V 85.680679 95.865292 38.383971
695 I 85.119345 25.268770 40.681985
696 V 9.652661 87.918635 11.027148
697 I 52.970554 13.430431 14.724514
698 V 49.416985 78.172730 42.576894
699 I 16.053004 29.032489 61.569399
700 I 85.269772 17.394553 7.520196
701 I 67.388393 43.723488 24.942585
702 V 84.835293 95.218780 18.651858
703 I 84.300788 24.017199 4.838012
704 I 12.909919 87.857101 28.941954
705 I 29.616606 45.336039 78.190634
706 V 47.774883 88.621967 3.878065
707 I 55.957452 58.027135 36.248051
708 V 30.714588 91.547293 61.011142
709 V 68.649436 34.917194 99.067142
710 I 16.551794 87.826680 59.118760
711 I 12.795229 2.411519 0.001636
712 I 99.296606 92.663242 46.325577
713 I 67.817368 30.653113 25.784061
714 V 37.543086 89.631598 16.939987
715 V 76.672706 80.768447 40.766150
716 I 76.298947 26.010171 87.338035
717 V 91.713198 16.943355 55.519867
718 V 39.480680 59.005338 68.337236
719 V 21.416782 18.801997 19.135057
720 V 60.756801 54.524153 7.182567
721 I 57.808798 78.724380 51.174174
722 V 41.724644 50.946005 82.255726
723 V 20.892430 97.443332 5.911800
724 V 4.393288 74.858011 51.269305
725 V 91.253204 44.141153 30.796592
726 I 62.608131 60.442052 70.200298
727 V 41.683780 99.474212 15.655528
728 V 17.338185 7.255683 19.102980
729 V 65.139510 56.586738 31.527705
730 V 94.602633 29.835195 10.982956
731 I 80.690488 85.228046 29.680656
732 V 5.450570 98.802799 8.333253
733 V 80.089201 73.007559 3.307055
734 I 77.633453 80.198756 66.826716
735 I 28.470858 29.262468 82.814254
736 I 80.813092 36.285384 42.826032
737 V 89.366665 13.096253 21.380395
738 I 77.076822 9.290048 93.881097
739 V 31.851720 20.973923 63.774801
740 V 9.530277 25.022024 46.355495
741 V 63.231859 86.908052 16.369025
742 I 94.530369 85.757038 93.219568
743 V 83.716185 60.963811 79.343795
744 I 37.483724 20.156169 77.118328
745 I 42.624480 94.398608 15.735715
746 I 27.870710 91.360794 28.103078
747 I 57.324024 94.352904 51.451621
748 I 49.744687 92.813102 36.100951
749 V 18.647540 63.152833 26.531115
750 V 45.271160 57.442867 60.317318
751 V 85.111836 5.181788 70.384714
752 V 5.034638 6.786202 37.640686
753 I 72.404914 38.792428 21.261049
754 V 29.652756 34.785830 29.321174
755 V 42.156019 61.433081 15.201169
756 V 97.142049 45.559210 31.857242
757 I 63.773664 13.158838 72.066900
758 V 41.725798 47.804658 73.406210
759 I 0.626505 88.631841 13.302421
760 I 72.426938 59.195978 46.550127
761 I 79.617106 45.059836 41.758378
762 V 26.742158 68.018500 51.053909
763 V 54.030166 7.680224 74.529388
764 I 29.978844 83.886029 40.238012
765 I 0.365777 25.846441 1.331475
766 I 93.435337 37.445842 16.194719
767 I 69.487199 41.055938 46.823048
768 V 57.411103 18.520868 16.418272
769 I 91.122769 86.710342 60.471428
770 I 50.057643 80.679162 66.356987
771 I 83.474245 80.897214 14.147101
772 I 33.712053 51.442935 98.922119
773 I 0.621745 39.901047 71.037956
774 I 16.775837 75.406389 27.705948
775 I 20.794802 66.389614 29.705227
776 V 54.736958 98.035134 68.264783
777 I 6.651740 76.613282 7.784166
778 I 46.612808 6.929688 66.352204
779 I 22.611186 36.876492 84.196804
780 I 49.479789 74.524566 72.478860
781 V 47.983916 6.803456 73.183433
782 V 66.658676 72.411386 48.598300
783 I 93.144809 70.607462 59.018535
784 V 67.465916 95.997291 88.141674
785 I 71.425364 81.676303 9.372753
786 I 82.183221 78.917825 71.859916
787 I 41.732397 3.226968 53.484948
788 I 23.037229 12.461022 40.505650
789 I 16.373069 5.464016 18.526963
790 I 77.956014 75.483525 93.267066
791 V 43.178325 68.478232 63.129252
792 V 40.946206 4.168444 86.610895
793 I 47.244927 89.309755 30.511758
794 V 1.043176 93.799988 43.186383
795 V 82.344233 21.865072 24.689099
796 I 86.492624 8.189253 94.790568
797 V 58.806325 66.800440 56.336978
798 I 37.536294 79.331302 58.090209
799 V 32.571541 96.775810 55.155806
800 I 29.188737 55.583565 69.176215
801 V 6.693882 92.700373 0.481572
802 V 3.496383 9.444501 70.069020
803 I 0.289224 81.459494 66.093366
804 V 86.853522 35.727590 48.419077
805 V 90.700258 65.988912 92.614858
806 V 67.099910 56.747650 70.472757
807 V 75.691590 16.056956 39.175485
808 I 52.930327 29.853343 81.088412
809 V 25.164358 3.883860 63.881399
810 V 49.575037 11.769096 64.305412
811 I 37.125283 22.623212 46.393975
812 V 20.885188 83.662937 45.837413
813 V 51.427123 25.933685 62.531457
814 V 38.731315 69.871878 64.989901
815 V 95.772914 63.211231 9.396399
816 I 90.888980 74.639488 19.665500
817 I 95.911046 54.272752 33.839479
818 V 55.572428 81.884548 31.586623
819 V 49.981150 13.735476 77.834888
820 I 41.631299 34.770515 93.539804
821 V 88.470091 60.021236 59.281290
822 I 27.340505 79.833008 46.143982
823 V 90.568692 77.637423 59.625852
824 V 30.385782 60.334232 38.519756
825 I 73.102000 39.709064 30.116351
826 I 9.621913 54.294836 2.778057
827 I 62.349828 20.154187 32.470926
828 I 44.153291 55.054694 12.721849
829 V 39.541134 26.984348 59.983406
830 V 84.319259 74.822617 17.234695
831 V 11.725912 13.502026 31.895130
832 I 35.440310 72.214268 0.204798
833 V 95.431864 9.319113 73.917960
834 V 89.939397 58.824294 71.832919
835 I 31.144580 46.372412 32.802026
836 I 76.909497 97.555525 53.255680
837 V 42.450619 34.132523 43.896582
838 V 17.213336 21.080655 97.639719
839 I 81.865391 93.325938 18.507070
840 I 83.391512 6.917638 93.935624
841 V 1.796660 70.946895 19.331337
842 V 63.099382 55.199877 2.290283
843 I 40.483699 25.524126 71.589871
844 V 8.038846 38.730092 45.482384
845 V 32.554807 81.419941 67.496916
846 I 7.220001 2.326620 62.847733
847 I 62.918163 88.920263 99.613581
848 I 33.647574 70.886708 38.924076
849 V 4.647002 90.663533 68.161110
850 I 40.620883 66.343169 57.697420
851 I 47.902363 30.335119 86.588474
852 I 80.859009 77.606487 40.310011
853 V 11.246192 76.266208 69.036679
854 I 31.950246 12.547224 74.619760
855 I 82.193825 76.466476 61.132627
856 V 71.428961 66.071528 24.423717
857 V 17.089979 46.066490 51.426547
858 I 62.822731 72.824252 5.719870
859 I 73.664221 29.602741 88.613230
860 I 39.453874 38.830030 66.143667
861 V 32.615703 36.053611 97.849812
862 I 34.891552 96.670422 41.602143
863 V 50.792284 12.426644 79.000095
864 V 24.241173 36.545314 34.085504
865 I 72.070155 24.520243 77.973934
866 I 6.085969 58.460540 79.705312
867 V 22.554858 63.227809 42.082236
868 V 74.893934 57.957354 54.807179
869 V 84.957761 67.620404 72.516562
870 V 12.736831 59.086256 98.817352
871 I 92.815409 49.727792 94.323316
872 I 56.857849 46.884109 21.284591
873 V 88.339282 89.920226 13.027262
874 V 60.353999 14.773630 39.316007
875 V 34.333599 32.121029 16.858747
876 V 22.943231 5.846516 42.987867
877 V 56.713636 35.983153 6.309898
878 V 43.529431 39.895532 27.639375
879 I 52.339074 29.944971 99.961170
880 V 78.841809 86.619572 0.567395
881 V 83.069638 66.836229 77.135167
882 I 54.804429 15.906571 30.980563
883 I 55.668508 16.525646 45.485619
884 I 73.061750 73.975480 0.738609
885 V 39.152722 49.212382 18.040107
886 I 18.562013 0.765014 16.399692
887 I 22.249268 5.312268 7.149026
888 I 19.362299 62.898292 93.548805
889 I 32.509521 67.499985 19.780856
890 V 98.883733 28.695927 57.479865
891 I 71.675763 32.110928 99.170970
892 I 14.890938 82.018183 65.007144
893 I 39.151894 48.558209 40.366997
894 V 82.867891 62.493834 28.872877
895 V 64.004727 56.244564 2.500780
896 V 27.339923 18.656013 80.397558
897 I 56.989281 98.166532 58.336249
898 V 83.190848 59.873694 7.064318
899 V 8.006826 18.808538 11.342031
900 I 97.634073 81.558093 42.691792
901 V 14.813302 94.924791 53.578033
902 I 46.541386 22.576635 75.725981
903 I 25.252565 10.043745 86.988886
904 V 94.880955 42.168779 39.170125
905 I 64.395820 78.401176 41.642215
906 I 22.296783 71.174314 74.891707
907 V 11.449656 35.249247 10.195767
908 V 36.082892 85.266028 16.653836
909 I 69.958327 9.585039 72.184989
910 V 3.531422 35.742553 31.177695
911 I 97.041974 89.145522 6.709516
912 V 45.875491 26.344691 78.414246
913 V 37.654877 91.631143 6.924824
914 V 43.775523 23.804832 28.276499
915 I 29.657321 35.381738 50.176070
916 I 65.606052 94.177136 10.372510
917 V 97.310005 71.449683 35.831622
918 V 33.818141 35.282160 88.457579
919 I 23.292951 25.273887 63.710559
920 V 93.232311 20.408375 74.401732
921 I 19.072661 12.000420 64.076952
922 V 51.787088 5.688453 38.690649
923 V 69.962952 51.724525 59.943541
924 I 68.440378 76.001662 76.046946
925 V 16.321964 35.835518 86.729117
926 I 41.514112 9.852422 98.615656
927 V 80.164789 50.054787 84.478439
928 I 95.611417 44.256735 48.557003
929 I 30.439222 40.659193 26.390612
930 V 89.404877 27.779280 6.017341
931 V 63.576772 77.064886 55.887146
932 V 25.319606 55.483478 61.450616
933 V 51.655774 27.462812 27.104467
934 I 17.242952 50.534587 39.637170
935 I 63.762483 22.495416 43.136081
936 V 95.017982 97.190947 56.921343
937 V 68.704737 78.512594 91.222470
938 V 95.672184 29.204076 13.744284
939 I 9.427889 7.477174 42.825731
940 I 52.671134 92.268437 47.027245
941 V 39.541282 45.758588 42.239332
942 V 40.753406 7.441272 5.060600
943 I 88.819057 13.252816 91.002626
944 V 27.733100 58.109386 2.430402
945 V 33.986284 85.807757 28.623133
946 V 36.853489 47.062698 35.029240
947 V 60.226615 50.407214 10.785249
948 I 15.546909 75.246972 26.805483
949 V 82.799259 41.825662 22.960746
950 V 63.513223 21.861973 83.045846
951 I 80.421907 11.619543 31.918785
952 I 57.764741 86.577375 99.173881
953 I 88.103594 89.812657 45.064262
954 V 54.647584 3.919563 62.954349
955 V 35.857148 94.375057 67.580075
956 I 85.261467 6.698100 33.529875
957 I 18.458337 73.356432 82.972373
958 I 65.346683 95.253801 71.071488
959 V 43.360725 36.292658 38.947911
960 I 0.242481 79.167997 16.907496
961 V 65.343377 61.109528 90.729733
962 I 81.542326 4.651203 32.013858
963 V 77.777590 95.815667 87.339835
964 V 10.141272 83.415750 44.686609
965 I 2.722019 41.613474 50.134864
966 I 20.456960 96.639801 15.445925
967 V 43.880442 24.207308 43.044123
968 I 30.966445 60.315123 26.595920
969 I 63.696593 40.073363 45.950187
970 V 1.685072 75.306271 64.325887
971 V 53.104960 28.506199 14.209168
972 I 69.647472 65.634653 83.813505
973 V 56.078217 77.469178 81.225093
974 I 68.173478 62.482613 3.761524
975 V 68.715129 61.713586 55.756617
976 I 2.628523 60.267476 70.689585
977 I 14.875365 61.751064 98.779605
978 I 28.143515 0.735059 56.853696
979 V 78.891138 89.478318 99.790037
980 V 44.783492 22.291255 32.308195
981 V 87.070926 48.811842 45.808959
982 I 42.892609 74.023775 97.805526
983 V 39.748934 62.712338 12.601346
984 V 14.045897 79.220321 13.923528
985 I 23.682991 43.216349 71.541139
986 I 18.697179 48.132034 42.679294
987 I 90.514087 87.219732 22.644504
988 V 66.916428 80.842806 30.215739
989 I 69.133018 84.300264 52.595630
990 I 79.173237 71.964114 20.590692
991 V 74.295872 5.118971 18.499837
992 V 41.722815 51.504585 32.820144
993 V 54.856701 79.041123 85.424444
994 V 33.345536 48.512615 1.468307
995 V 42.687932 53.672313 36.330698
996 V 29.206564 55.372549 47.208367
997 V 33.005970 1.166194 40.634576
998 V 63.081269 49.909466 18.548239
999 V 79.405807 7.224394 95.527462
1000 I 61.182243 95.587138 28.091631
