100
1 V 6.916661 5.117558 3.260987
2 I 9.764074 1.664252 3.832459
3 V 0.275725 5.964115 7.239950
4 I 2.574476 6.497425 7.224222
5 V 1.559889 2.737586 3.441240
6 I 4.191794 7.640711 9.979322
7 I 3.110015 3.401721 1.438264
8 I 5.446073 1.471914 1.958477
9 I 3.981220 3.454501 8.235244
10 V 4.712336 9.239223 6.153740
11 V 7.501118 2.947155 6.803780
12 V 4.395553 7.824929 0.156956
13 I 0.602985 0.048895 9.941258
14 I 7.456642 4.584509 7.396205
15 I 1.126038 5.401850 0.184723
16 I 2.086168 7.081061 2.467689
17 V 3.445258 0.642285 9.854848
18 I 3.530855 6.420565 6.374048
19 I 8.969225 3.078394 8.930195
20 V 0.666422 2.435150 0.073070
21 V 9.157462 7.942699 8.427258
22 I 3.023112 7.622533 9.029091
23 I 2.354330 5.138178 2.445828
24 V 9.715561 4.336555 6.122005
25 I 4.770903 6.651973 9.687156
26 V 1.386941 5.596723 6.982144
27 I 7.469338 7.942258 8.863187
28 V 2.915774 9.737405 3.391244
29 I 5.012870 5.243291 1.017878
30 V 8.335248 1.393651 6.771905
31 V 6.853694 9.677945 3.392833
32 V 2.749004 1.236637 3.947907
33 V 4.735896 7.004238 5.621867
34 V 5.166165 6.451345 4.411840
35 V 8.645731 4.101252 8.706636
36 I 0.930447 3.316405 4.303023
37 I 7.826609 8.769593 3.674416
38 V 0.852794 9.813151 6.280116
39 V 9.154314 5.103208 7.410964
40 V 5.287091 2.341506 4.265668
41 I 8.026393 6.652289 6.498033
42 I 2.790991 9.344326 7.825079
43 V 4.063387 0.580018 4.188134
44 V 3.102733 5.570382 8.335656
45 I 8.829709 6.709268 8.167677
46 V 2.162479 4.705765 2.950563
47 I 4.049416 8.000568 6.548028
48 I 6.757878 8.266989 3.178988
49 I 8.703947 9.910564 0.392410
50 I 0.762909 0.527614 0.957127
51 I 0.886120 2.992848 1.981649
52 I 8.550875 3.147150 3.301257
53 V 6.613943 8.321966 9.350481
54 I 2.179435 2.668114 4.069531
55 I 0.385328 4.749912 9.791441
56 I 2.082646 0.367929 2.593761
57 I 1.005667 2.992979 2.382247
58 I 0.723159 4.740335 4.007473
59 I 4.376576 4.641359 8.326204
60 V 6.088028 1.926910 5.074183
61 V 6.259283 5.572287 5.178163
62 V 2.496073 7.092969 7.851137
63 V 8.973273 6.856916 0.218007
64 I 8.846383 0.825109 5.372061
65 V 4.369547 7.538606 4.741974
66 V 3.376365 6.638929 1.945807
67 V 4.422239 1.292235 6.129061
68 I 2.192808 4.840040 2.603927
69 I 2.993739 3.597156 9.309775
70 I 1.009743 0.866175 3.390508
71 V 7.221147 5.749553 7.336142
72 I 4.069208 2.424030 1.202634
73 V 3.536930 5.605156 6.600736
74 V 9.418008 8.828966 9.964781
75 I 1.397297 3.707280 6.110411
76 I 0.885635 0.385727 8.818372
77 I 7.834715 4.331085 1.874269
78 I 1.799642 4.343530 4.080003
79 V 4.078306 0.330805 3.351643
80 I 6.743389 7.220129 2.649817
81 I 8.550291 5.632742 3.009297
82 I 1.415143 9.839004 5.198248
83 V 5.605193 2.068209 6.404673
84 V 5.646700 2.948590 5.568245
85 I 2.059898 4.528264 6.647408
86 I 0.848289 6.534556 3.847639
87 I 4.406832 6.334653 0.007177
88 V 6.253358 4.329303 0.043576
89 V 6.329509 8.744417 9.281040
90 I 7.896046 8.306654 4.350681
91 I 1.400963 0.856396 9.081487
92 I 0.245349 4.394131 3.709146
93 V 0.137447 8.363463 8.813622
94 V 1.225646 9.928808 8.107191
95 V 8.894452 1.742632 8.097653
96 I 1.357396 2.780792 3.183752
97 I 3.705892 5.994020 7.510682
98 I 5.180944 2.146738 5.367905
99 I 1.603855 7.184472 8.154872
100 I 5.087522 1.487501 4.763617
