1000
1 I 45.505635 27.011276 45.650947
2 I 67.954810 7.192785 6.072885
3 I 2.346828 0.735513 39.388805
4 V 92.134064 33.467825 67.072231
5 V 13.334685 16.341856 81.305498
6 V 54.896270 21.241219 52.999189
7 I 82.519002 23.276964 7.044365
8 V 63.724702 6.550185 22.859515
9 V 72.129504 75.785916 74.508401
10 I 17.557710 88.543658 87.844156
11 V 26.887917 65.435176 76.360020
12 I 56.034612 6.198927 55.952714
13 V 11.993441 83.275425 10.784900
14 V 5.679482 46.092309 28.095886
15 I 37.580733 82.095445 73.742429
16 I 33.593731 34.126346 49.497782
17 V 48.764978 60.224728 35.089213
18 V 50.613390 64.263119 67.483452
19 V 82.128633 70.058762 51.220626
20 V 95.571999 52.709455 82.107830
21 I 66.543010 40.895055 95.689462
22 I 9.839609 78.757021 21.530757
23 I 49.533677 35.115178 69.255687
24 I 31.326170 85.288286 89.634228
25 V 1.301643 8.786851 67.831190
26 V 35.582471 79.941554 27.924002
27 V 48.072698 8.992553 61.908419
28 I 27.653132 18.701757 13.431267
29 I 4.058799 5.498410 34.279432
30 V 20.398592 24.267295 18.932251
31 I 79.910173 49.289352 11.751759
32 I 63.000385 44.237585 18.752756
33 I 60.591355 9.160212 69.906728
34 I 8.593276 3.682439 41.054379
35 I 22.959340 25.890979 64.361040
36 I 73.023648 60.862709 61.083257
37 I 45.444728 88.331995 2.050182
38 V 90.697473 53.351223 19.738109
39 V 89.898135 17.033288 30.379791
40 V 50.363956 99.249493 30.354761
41 I 25.402199 84.877258 72.878718
42 V 17.142788 94.347177 14.794749
43 I 34.643304 68.959293 25.920758
44 V 31.317460 9.318592 19.643062
45 V 1.976151 71.932781 75.820592
46 I 77.953119 22.869306 93.081470
47 I 26.997308 44.083017 9.152758
48 I 97.670290 36.970927 40.406394
49 V 22.178467 88.357881 6.556798
50 V 63.256945 80.232912 43.339648
51 I 95.773800 31.278039 87.909321
52 V 39.505725 29.008908 49.823854
53 I 80.146366 43.896687 32.078704
54 V 49.022655 86.401870 30.498722
55 I 93.228477 20.637751 60.063046
56 I 13.336877 40.200070 15.453485
57 I 43.134444 52.232495 91.143644
58 V 80.556432 44.857012 23.347368
59 V 24.127139 78.583784 5.539477
60 I 81.421236 74.647033 93.263444
61 V 75.565500 45.036496 27.951824
62 I 26.035413 57.459469 46.656654
63 V 89.874081 53.518692 67.726915
64 V 80.187305 56.031235 57.505791
65 V 95.525952 38.034747 16.106562
66 I 99.640173 21.607031 57.845473
67 V 44.940651 99.660025 68.457093
68 V 25.479524 82.853828 36.263649
69 I 1.655605 79.891272 8.366057
70 V 87.411531 32.344292 63.041506
71 V 23.397544 4.934690 69.668949
72 V 57.750994 26.824647 8.375936
73 I 88.575723 91.600909 64.260356
74 V 17.987717 52.157820 4.537143
75 V 95.545809 99.502311 98.856739
76 I 92.560779 32.745177 94.718268
77 I 59.397627 68.799350 88.349724
78 I 54.934215 36.564055 63.709158
79 V 67.723615 83.191233 19.068014
80 I 59.172033 51.870452 83.121692
81 V 94.450145 3.459657 89.792806
82 V 19.394792 73.526311 96.506921
83 V 22.758756 25.749757 34.744278
84 I 58.267323 50.198784 22.573282
85 I 86.008263 70.009563 91.440172
86 I 28.522327 74.889513 79.025980
87 V 67.609156 49.828844 87.909563
88 I 3.213531 24.505800 58.882528
89 V 66.338808 73.434901 19.782315
90 V 77.502522 93.478280 92.178794
91 I 65.470308 61.645730 92.356093
92 I 80.978015 91.377257 62.234742
93 I 59.885391 57.850159 34.424738
94 I 60.658337 28.884518 93.055664
95 I 20.075364 18.038504 28.936947
96 I 76.448014 30.867637 92.837336
97 V 5.883091 35.082879 98.949545
98 V 2.908476 98.151093 48.214870
99 V 91.842788 99.043894 64.582457
100 I 8.709317 24.962670 14.160612
101 V 82.734390 34.989377 63.924587
102 V 86.402873 96.667250 17.886168
103 I 70.891457 38.884134 46.147934
104 I 20.543827 14.389770 91.548587
105 V 25.125006 5.604474 11.409792
106 V 40.216109 48.899888 54.627983
107 I 83.833642 37.791634 76.288596
108 I 62.048572 79.334498 87.296068
109 V 5.203515 58.596033 94.168435
110 I 99.333216 88.668142 52.942570
111 I 30.483532 15.208011 0.740415
112 V 81.071226 2.870147 30.071810
113 V 54.567292 29.101716 65.217838
114 I 76.604255 7.057782 28.649019
115 V 16.157693 35.740458 83.973308
116 V 57.294784 64.861574 25.166263
117 I 64.763227 40.085451 76.273715
118 V 73.961472 43.789067 38.752587
119 V 67.043672 24.481044 50.098974
120 V 74.389514 32.163960 67.951709
121 V 62.537254 39.961362 48.852123
122 V 58.802562 87.581019 46.794053
123 I 78.072942 47.500788 24.140328
124 V 25.352962 38.759244 36.524068
125 V 99.018864 5.176858 59.858151
126 I 88.068304 15.941155 37.220396
127 V 31.961667 30.671738 51.494168
128 V 76.500715 31.376998 98.069278
129 V 51.292092 73.826178 72.055960
130 I 58.018461 65.158403 96.770664
131 I 24.409944 95.382279 58.568920
132 I 37.388711 47.191897 93.681895
133 I 2.723649 4.532558 67.963189
134 I 81.403954 53.474585 74.284858
135 I 28.485856 86.087866 82.955386
136 V 44.123316 12.302572 30.859744
137 I 54.512418 37.894854 26.575554
138 I 35.696836 23.371030 41.618513
139 V 50.450022 57.148280 14.176283
140 V 85.881990 96.050793 55.768188
141 V 27.378915 47.114337 75.938129
142 I 63.900762 41.603039 63.359065
143 I 55.802532 52.758125 42.857704
144 I 9.929357 46.735626 79.613773
145 I 27.306775 78.060361 19.938707
146 V 82.488744 10.904112 76.062403
147 I 13.912052 39.059284 14.962165
148 V 65.878352 84.961683 72.745362
149 V 91.105407 63.025064 7.555623
150 I 91.641639 27.861888 72.298526
151 I 49.188174 86.256043 82.013336
152 I 96.926494 79.946687 43.615135
153 I 42.771595 0.355309 32.312654
154 V 14.518045 86.230254 51.778211
155 V 32.882536 46.483381 78.772089
156 I 4.088850 18.587251 55.635895
157 V 44.397489 55.772224 4.366931
158 V 30.823878 84.191419 35.191075
159 V 97.306607 57.961328 72.246414
160 I 4.002380 94.193712 26.854901
161 V 87.040285 41.807234 13.501863
162 I 81.675434 59.372484 16.055768
163 V 68.864493 99.272000 72.032670
164 I 73.589071 27.131331 62.040990
165 I 32.284752 67.569431 57.777748
166 I 25.979431 38.293759 88.819121
167 I 38.051717 23.750746 22.058559
168 I 47.944605 48.842628 29.622148
169 V 77.458884 84.677608 50.269840
170 V 65.394459 85.655694 56.179136
171 V 77.901809 63.523720 69.263542
172 I 23.122592 55.684775 73.607177
173 I 21.075947 18.427784 41.448579
174 V 35.791848 24.866770 44.916623
175 V 14.230497 28.588495 51.219618
176 I 80.254100 70.705400 78.793188
177 V 92.560245 1.456283 93.765954
178 V 75.017842 17.417817 36.152983
179 I 72.079856 28.026273 92.611920
180 I 14.559726 69.057636 37.430669
181 V 37.818560 38.594536 91.193396
182 I 50.250404 69.961741 42.451170
183 I 21.025284 6.461524 31.355169
184 I 64.845749 59.754474 28.816941
185 I 94.819730 34.884518 57.930163
186 V 94.434942 43.221447 27.136090
187 I 4.924661 99.859250 6.321600
188 V 29.083212 26.222435 48.341574
189 V 94.003426 88.686266 85.995338
190 I 11.256170 32.177934 67.962817
191 I 60.067690 3.984989 4.127724
192 V 33.957836 54.378209 22.319074
193 I 25.620812 4.766064 4.702445
194 V 34.624418 66.873530 4.452896
195 V 68.270142 60.744551 39.452692
196 I 54.395681 6.088732 61.126083
197 I 17.827551 30.233156 31.393648
198 I 97.141220 83.810095 43.093657
199 I 2.106446 52.351087 84.241362
200 I 37.594283 99.286313 82.847047
201 I 62.463740 36.519853 91.334646
202 V 40.864112 71.428801 34.292502
203 V 75.727671 3.107841 85.103232
204 V 11.595704 76.020798 68.303685
205 I 18.688845 68.049132 32.831216
206 V 16.323338 57.982584 48.773270
207 V 49.183888 29.469535 51.629672
208 V 48.295462 36.950902 80.758929
209 I 68.966433 30.355231 90.259349
210 V 69.284519 20.981492 88.378005
211 V 60.615507 36.994829 10.451784
212 V 78.996684 52.228673 85.790941
213 I 62.257960 4.317238 59.438469
214 I 80.919997 2.279161 47.261583
215 I 64.119792 33.648160 96.628794
216 I 27.460770 99.811504 59.669770
217 V 41.385827 94.098043 38.530181
218 I 61.326302 61.024000 43.823964
219 V 91.387564 85.981858 26.661759
220 V 60.638875 18.568054 28.973764
221 V 45.550365 41.686961 44.239007
222 I 78.772210 53.762613 6.129204
223 I 66.659576 31.330091 96.578156
224 I 42.319834 16.211226 29.752640
225 V 85.225351 49.403509 52.312188
226 I 21.277767 57.423594 3.811473
227 V 67.866034 92.497903 9.933292
228 V 64.168361 61.111613 33.014196
229 I 31.621586 64.667856 62.845532
230 I 71.299323 45.010788 59.940863
231 V 6.063914 50.333965 92.417967
232 I 86.447471 6.916117 62.664366
233 V 89.874791 40.997848 71.124884
234 V 30.629494 22.029554 57.383722
235 V 36.785768 62.436460 57.100310
236 V 66.488016 59.055219 62.193556
237 V 60.647282 77.966421 23.981720
238 V 92.715773 35.054768 24.510040
239 I 69.577639 0.949983 64.395324
240 V 10.216535 57.309608 33.088834
241 I 88.776060 92.767557 0.639515
242 I 37.465760 11.942485 41.823737
243 V 59.627929 99.386869 18.743632
244 V 71.253645 3.968174 10.855140
245 V 21.245300 5.188802 11.723628
246 V 7.941193 74.106838 35.370885
247 V 11.092638 61.370303 32.742287
248 I 65.642646 79.223943 46.588303
249 V 31.919685 96.845133 28.527088
250 I 25.750529 91.551968 67.382442
251 V 95.606682 70.194118 99.974250
252 V 8.527582 63.704734 57.711133
253 V 92.201700 15.122186 59.767439
254 V 8.145823 81.794635 78.634085
255 I 80.713307 37.551907 61.893522
256 V 4.508345 49.863540 44.274366
257 V 49.769225 28.825533 19.134659
258 V 17.541911 72.068781 7.063384
259 V 42.416927 17.720463 8.115032
260 I 55.348599 29.250374 64.423262
261 I 28.368046 8.348863 98.052515
262 I 19.652460 46.407870 63.478841
263 I 90.267977 41.224585 75.994270
264 I 56.536530 25.271398 74.441084
265 V 38.178901 21.647469 1.210133
266 I 60.889971 59.666973 55.085163
267 V 37.132798 75.362065 30.314498
268 I 95.263683 78.648400 20.348307
269 I 21.816393 92.112597 8.353726
270 V 11.208220 95.676517 30.246458
271 I 42.912030 92.012782 13.698138
272 I 63.668093 69.643347 89.194956
273 I 1.473518 41.509274 1.368673
274 V 2.927287 64.939863 73.722742
275 V 59.966814 44.259696 61.163302
276 I 30.454474 87.201753 24.252496
277 V 71.439324 9.870900 69.522988
278 I 68.134347 7.543562 16.275711
279 I 69.468242 80.571441 43.192634
280 I 6.291513 40.274559 12.193985
281 I 30.707313 77.722275 22.936787
282 I 6.550796 60.567689 73.985722
283 I 96.861644 0.487384 98.682357
284 V 65.447777 79.241982 69.533769
285 I 12.197775 0.770285 66.403800
286 I 38.763199 60.777451 21.521738
287 V 93.662383 43.737990 30.546646
288 I 85.626374 73.510237 26.031286
289 V 65.995076 39.690135 53.645840
290 V 75.900999 40.010395 19.705034
291 I 64.619885 44.308737 83.054103
292 I 11.186214 55.884830 13.520024
293 V 62.397216 32.775534 14.910867
294 I 60.855878 60.872491 7.204593
295 I 17.074609 17.947872 18.569897
296 V 82.025040 68.111712 93.244066
297 V 52.440580 66.968552 9.557339
298 I 66.981079 5.708625 71.721278
299 I 99.680888 85.963358 12.491039
300 V 39.813686 45.950837 72.153014
301 I 17.653150 25.101776 28.984105
302 I 81.734788 41.993386 38.228516
303 I 97.864086 87.696992 65.617641
304 I 63.285627 6.303141 22.366047
305 V 27.554599 80.101208 92.690560
306 I 60.420045 6.437991 80.102898
307 I 10.736029 80.482938 53.057843
308 I 94.170690 90.353920 56.027025
309 I 33.169945 2.628080 34.936428
310 V 92.418896 66.325447 75.332768
311 V 26.894950 29.176275 87.750609
312 V 98.414773 19.524224 78.505696
313 I 66.184419 33.179411 77.539296
314 I 2.365057 10.440395 82.713237
315 I 87.844264 17.159416 39.310647
316 I 11.158649 81.177859 95.854919
317 I 93.688404 61.699702 71.853891
318 I 84.704816 33.953330 74.064775
319 V 94.755696 50.625208 80.563330
320 I 19.794864 61.094820 1.915230
321 V 21.288022 83.678997 67.895563
322 I 66.829450 46.835303 31.500522
323 V 8.863671 84.168671 49.278836
324 I 8.067872 23.773928 73.955447
325 V 7.944446 94.926675 1.351008
326 V 69.335226 28.688215 24.751267
327 V 41.587180 20.806582 22.303420
328 I 84.685056 80.399997 63.803964
329 V 78.473451 67.972767 56.769640
330 V 57.394621 43.064578 2.393532
331 V 27.462253 14.194666 29.613644
332 I 75.715551 54.418965 89.536307
333 I 84.931311 75.903397 36.736753
334 V 61.255687 58.622261 73.673703
335 I 8.767033 82.925463 34.537241
336 V 66.715819 60.707446 3.793794
337 I 32.113276 4.265749 40.953115
338 I 64.026211 23.473569 58.599287
339 V 86.113897 10.162906 35.486223
340 V 39.336535 44.959238 72.441528
341 V 16.350985 89.836028 31.811294
342 I 15.223573 50.057066 15.043018
343 I 17.771031 71.986181 86.416374
344 V 66.563396 5.097236 69.521147
345 I 80.299713 47.480556 29.393638
346 I 68.995524 93.858558 90.703233
347 V 82.952101 48.474009 76.208445
348 V 57.851723 55.806233 1.037052
349 I 76.185933 57.643273 97.887291
350 V 46.364565 99.619473 24.036799
351 V 71.853977 9.698072 5.496102
352 V 86.156035 96.083506 89.861617
353 I 63.834683 11.377192 46.177684
354 V 14.399253 25.378086 76.912485
355 I 30.030645 50.282321 30.845118
356 I 55.625577 22.865685 80.845622
357 V 76.720842 76.682596 17.572994
358 I 88.802176 87.371877 80.081108
359 I 17.589466 3.651998 20.360922
360 I 61.773000 27.316237 49.119131
361 V 46.694627 49.162165 61.747078
362 I 77.818246 15.158393 38.780091
363 V 92.058555 23.733300 67.404213
364 I 6.364326 12.933720 20.762130
365 I 81.590682 55.835431 95.779124
366 V 56.236162 59.872344 58.982102
367 V 58.518698 42.160721 38.416579
368 I 77.751495 69.342936 73.177915
369 V 11.747504 8.215550 51.975704
370 I 68.260910 47.087019 85.570673
371 V 38.747299 40.679175 74.107428
372 V 17.913702 29.202568 83.287796
373 I 58.708152 30.619632 65.757666
374 V 36.218447 67.828580 47.156362
375 V 58.741752 12.855339 55.772814
376 I 99.064944 43.846586 18.759230
377 I 49.390017 18.691745 23.334949
378 V 4.673924 22.846795 68.086956
379 V 94.153703 8.341931 66.405101
380 I 52.156655 76.275287 51.872478
381 V 90.860312 69.783490 85.570112
382 I 53.863221 55.729262 15.228024
383 I 46.479323 33.346476 58.588115
384 V 25.173575 25.439559 85.811219
385 V 52.449523 12.940139 8.475253
386 V 99.158630 56.508705 30.773766
387 V 93.186638 62.599464 26.553354
388 V 68.208197 60.666149 47.774304
389 I 8.698397 57.055542 75.746734
390 V 28.001078 30.908883 19.417405
391 V 82.659147 85.501316 19.270306
392 I 49.775326 73.648007 33.389358
393 V 91.180398 67.743515 21.762111
394 V 58.399773 30.037714 15.446223
395 V 72.862407 34.546735 79.235251
396 I 59.126499 26.262061 16.395047
397 I 73.668750 71.820162 39.039924
398 V 90.646620 26.811973 46.667717
399 V 26.923662 82.699872 85.536960
400 I 12.181622 96.475277 79.101349
401 I 63.215709 89.049721 56.526793
402 V 88.243602 25.767980 85.547159
403 I 39.141857 98.814478 11.978672
404 V 84.106865 52.565350 8.840799
405 I 69.618970 34.835562 89.509973
406 I 28.164731 46.859141 63.436634
407 I 25.547619 27.068887 62.947445
408 V 11.751685 72.653072 23.133497
409 I 18.989563 48.728255 21.102339
410 V 47.357805 17.103576 53.987711
411 V 12.581332 80.701599 75.586720
412 V 92.185011 57.425545 0.906191
413 V 43.894629 56.224715 64.774005
414 V 36.074069 97.510011 92.971364
415 V 97.590650 21.911543 89.528191
416 V 0.397387 83.444813 70.054406
417 I 50.278314 25.329067 90.162316
418 V 44.377757 6.666056 36.161502
419 V 31.841090 34.766355 28.935098
420 V 2.418861 77.383540 59.157384
421 I 86.396206 49.588739 49.391995
422 I 3.928302 15.618910 91.370430
423 I 62.311418 79.595355 98.719315
424 I 62.184860 89.107881 95.974335
425 V 55.186311 16.227061 9.057444
426 I 90.468692 55.176828 1.514188
427 V 4.474656 58.248461 6.216076
428 I 71.067643 68.452185 5.667278
429 I 18.191041 21.969313 93.349756
430 V 24.984716 14.106929 55.665790
431 I 91.949949 66.794435 32.304012
432 V 57.928710 66.493887 85.540345
433 I 90.013727 29.002036 58.235322
434 I 82.976668 91.309342 66.298266
435 V 33.655443 17.650150 81.131276
436 V 5.709879 94.144090 82.664531
437 V 92.041524 87.435209 30.363655
438 I 68.077354 88.614037 67.048477
439 I 64.373083 30.795233 75.721807
440 I 93.957065 34.849358 88.451651
441 I 70.178298 1.189054 81.052924
442 V 74.657938 50.762987 13.892322
443 I 14.793350 63.558080 34.118166
444 V 94.180913 32.472639 48.591387
445 I 64.130251 71.963092 27.188641
446 V 75.100098 66.728480 27.974164
447 V 85.829336 38.155687 43.745966
448 V 57.529844 84.345559 93.127490
449 V 5.265789 37.399941 27.163439
450 V 0.206980 57.036390 76.757774
451 I 29.428518 46.538750 94.155387
452 V 88.036341 28.483410 74.975228
453 V 77.940438 52.878027 20.426252
454 I 2.468413 77.179762 61.636618
455 V 62.031082 49.537810 65.784808
456 I 14.935954 45.312061 16.338661
457 I 13.982259 49.603254 57.210101
458 I 98.695110 76.724421 10.587188
459 I 18.859407 47.359901 83.228738
460 V 51.859645 37.198938 32.866586
461 I 44.048424 37.307029 9.933075
462 I 71.893050 57.905648 46.109696
463 V 64.769025 22.532995 85.273023
464 I 77.518045 69.997319 13.879432
465 I 24.818768 75.513047 78.875054
466 V 2.630426 56.041056 57.742563
467 V 82.590234 96.210907 17.674099
468 I 21.204263 27.101573 59.910808
469 V 23.591314 11.477546 95.546074
470 I 64.070353 34.601156 41.328785
471 I 28.138504 39.499862 73.847660
472 V 36.963173 41.571876 20.014039
473 I 13.748273 77.523033 12.955447
474 V 47.605263 9.615252 97.061761
475 I 89.317053 31.457386 3.887432
476 V 22.901566 96.922391 95.824397
477 I 84.509080 23.304061 14.247758
478 V 68.945865 42.912050 3.559380
479 I 14.655290 15.031645 52.537740
480 I 2.924156 32.690353 17.596426
481 V 16.082259 67.692959 84.599719
482 I 3.941277 78.817372 56.217959
483 V 96.683944 16.286012 73.485638
484 I 84.740313 34.145203 77.984720
485 I 57.116974 46.803415 87.686517
486 V 58.257467 26.466994 27.582053
487 V 79.798112 72.059727 48.041162
488 V 66.410250 5.490787 36.655895
489 I 18.712112 57.265380 38.604311
490 I 42.598459 89.213527 36.643691
491 I 93.697165 12.703417 85.618023
492 I 78.115901 10.483969 31.626512
493 I 49.366527 57.809475 14.112070
494 V 40.104503 13.053393 42.139767
495 V 62.200694 1.005485 7.195039
496 V 86.850778 7.357202 29.317255
497 V 17.834149 22.302767 11.564829
498 I 55.949796 36.500354 54.737915
499 V 32.074553 71.958150 93.007846
500 V 94.822363 29.630771 71.152541
501 I 20.703249 0.573445 87.876710
502 V 34.062795 47.604698 81.634477
503 I 73.372989 94.580803 34.707882
504 I 58.156277 34.585513 24.244332
505 V 69.757471 64.886961 21.733911
506 V 64.231620 34.219101 15.680149
507 I 41.748228 74.673631 35.362646
508 I 48.690854 37.547571 45.511896
509 I 37.376429 64.745949 25.840163
510 I 90.851590 77.052671 79.501489
511 I 3.242735 58.260953 27.946517
512 V 48.463386 88.382139 10.679560
513 I 4.188731 74.469892 96.240203
514 V 90.619398 17.827434 88.400809
515 I 30.664243 87.697660 32.817770
516 I 40.169921 24.460394 19.738657
517 V 28.680420 82.553817 26.503250
518 I 28.307351 15.018217 67.863775
519 V 15.448082 60.789519 98.404917
520 I 78.904538 20.297158 2.026636
521 I 23.290277 63.249030 99.827395
522 V 46.823089 15.099823 11.024664
523 V 41.358298 83.518522 25.430653
524 I 31.782171 57.301859 26.439036
525 V 19.312449 96.142768 19.358098
526 V 96.324222 5.211100 50.668320
527 V 72.982051 97.702187 57.660226
528 I 14.925161 54.324176 79.909859
529 I 70.347849 58.253459 30.695212
530 I 72.073350 41.523211 86.733100
531 V 14.425700 16.733211 84.020710
532 V 37.247846 2.325102 36.503810
533 I 75.265711 66.817867 30.281039
534 V 88.399143 68.280469 70.153389
535 I 36.261380 89.621513 97.539727
536 I 50.868172 28.241347 53.420006
537 V 8.478447 81.500889 82.939987
538 I 79.903468 82.991484 67.562276
539 I 92.237059 61.679698 60.140647
540 V 38.478577 22.539466 18.248108
541 I 56.705776 55.891299 6.716649
542 I 90.023986 7.456539 41.992582
543 I 0.806421 18.541508 41.668121
544 I 52.775437 0.652405 35.413456
545 V 55.654828 8.552852 74.936290
546 V 25.877489 79.073235 84.511875
547 I 37.250131 85.865461 23.083065
548 I 98.638682 17.167693 10.632487
549 V 32.484385 58.023321 64.661391
550 I 28.562418 50.073720 4.556216
551 I 63.796994 13.186481 31.888910
552 I 3.523202 18.681587 49.007947
553 I 52.833415 96.971266 88.203767
554 V 84.933845 90.079185 21.157078
555 I 98.708407 5.734037 51.221567
556 I 77.106117 42.868518 65.220451
557 I 75.887359 9.250221 17.136594
558 I 76.347384 21.307019 20.044461
559 I 77.258773 12.669579 74.248203
560 I 58.432369 44.123042 88.245653
561 V 5.641731 59.174414 19.626950
562 V 93.979218 14.118135 17.183863
563 V 2.399233 47.669856 76.958045
564 V 1.780692 48.888979 98.813080
565 I 37.363931 74.005262 13.312693
566 V 56.152105 50.336587 36.128292
567 I 34.918654 18.672421 63.298590
568 V 42.287719 8.801488 28.527244
569 V 47.685510 61.968029 98.043304
570 V 91.850460 15.629239 41.644753
571 V 92.639054 95.082207 10.583581
572 V 98.899876 6.392058 34.764320
573 V 81.587420 45.211320 58.783074
574 I 4.032878 25.442559 74.979936
575 V 36.877934 48.809590 55.370693
576 I 39.139266 24.542104 60.686019
577 I 69.204232 41.541600 84.985673
578 V 2.524237 6.183281 29.337091
579 I 11.796401 75.333471 98.217073
580 V 28.023090 75.949375 59.864656
581 I 4.251046 30.713613 46.961613
582 I 53.934605 23.451582 66.008826
583 I 53.511779 90.905699 52.415640
584 I 31.785209 82.751717 9.285452
585 V 68.713167 51.469404 14.506036
586 I 23.649567 57.472135 49.270308
587 I 58.998521 91.678800 63.645172
588 V 25.817651 42.622910 95.796839
589 V 97.201967 95.849461 86.344832
590 I 77.792294 24.517695 1.741658
591 V 65.760147 13.954493 46.843582
592 I 94.845111 43.177037 82.472007
593 I 49.709375 84.116375 36.818135
594 V 82.598617 84.117782 31.982213
595 I 65.377462 59.545194 50.259618
596 I 52.944775 74.211061 20.981085
597 I 34.094284 3.988270 49.526346
598 V 76.038476 29.806022 47.733105
599 I 31.406365 88.770633 0.980483
600 I 7.226664 19.282138 49.218801
601 I 66.611196 42.250362 35.798685
602 I 66.608005 38.086699 70.352674
603 I 81.872486 25.918127 6.794970
604 V 28.665900 75.099759 15.366567
605 I 8.420629 1.500196 73.198421
606 I 54.723642 68.896309 2.917334
607 I 61.313760 88.262250 40.279618
608 I 13.013870 37.696396 64.148381
609 I 57.292976 62.966426 55.598937
610 I 89.165091 75.468967 54.657979
611 V 89.970581 14.218286 55.381267
612 I 95.439492 54.077566 59.734386
613 V 67.286856 58.571830 72.536983
614 I 92.660867 56.266034 61.611562
615 I 52.636231 58.060660 8.861251
616 I 36.334100 15.658802 98.925169
617 V 56.697755 43.979706 46.703730
618 V 96.195482 99.891030 81.532479
619 V 50.562088 63.249196 12.406093
620 I 85.728805 72.242414 60.957568
621 I 54.861739 37.967859 55.903672
622 I 14.840448 10.108386 52.444018
623 I 54.360577 29.264364 91.983959
624 I 27.756995 38.030921 21.941576
625 V 53.469963 32.817830 95.420275
626 I 70.835804 80.410254 75.526400
627 I 94.113328 98.071154 99.590247
628 V 83.127342 95.113307 1.884598
629 I 24.742646 66.841901 23.518787
630 V 31.387631 44.546096 40.421507
631 I 44.458285 5.663807 72.919369
632 V 93.624784 24.675768 19.583714
633 V 96.213527 95.866974 95.627837
634 I 0.180658 16.917424 59.747919
635 I 74.760696 37.287600 51.925696
636 I 52.117872 38.172017 62.397164
637 I 3.524650 54.584825 43.280276
638 I 48.009257 56.904046 99.585129
639 I 81.122241 4.063859 91.119513
640 V 72.752208 26.083931 7.834564
641 I 58.403632 88.325913 56.534130
642 I 45.964569 74.867742 70.058610
643 I 67.567038 80.143666 80.924618
644 V 28.744514 77.234938 7.821196
645 I 60.545988 51.565681 32.993898
646 V 41.149592 55.317701 94.331643
647 V 4.516694 55.117630 13.768285
648 I 49.744244 5.251047 47.987630
649 V 0.492517 59.521572 77.660352
650 V 84.092183 0.831614 95.598424
651 V 87.674320 94.169330 47.890295
652 I 6.770018 37.816006 87.334412
653 V 8.758513 82.953742 7.895482
654 I 86.568457 94.846559 90.149710
655 V 11.398950 59.295244 35.447679
656 I 93.788636 57.619450 96.337625
657 I 68.990450 25.861276 95.276496
658 V 71.361399 18.950950 77.737456
659 V 90.290004 94.466996 53.145568
660 I 28.941517 25.123638 41.410769
661 V 63.272900 45.072466 50.171165
662 I 78.481115 65.303229 91.711326
663 V 58.360458 68.838127 50.611582
664 I 29.730091 54.231919 91.475085
665 V 42.727127 31.784169 79.591374
666 V 81.381537 17.528168 19.594659
667 V 54.626304 66.731443 19.190987
668 V 93.164940 55.210574 64.044100
669 I 76.663730 82.165046 69.137754
670 V 31.623438 61.463635 38.799644
671 I 20.684561 87.277452 1.387044
672 I 76.761263 51.858382 69.526720
673 I 32.442442 19.135706 40.288616
674 I 24.025757 17.727153 94.209083
675 I 70.334287 75.149032 4.653550
676 V 4.636003 10.087080 26.153951
677 I 9.289857 41.277709 96.857623
678 V 9.623117 38.363963 4.342969
679 V 11.228843 27.995611 87.141755
680 V 34.114377 31.452187 12.158288
681 I 88.275990 25.971011 14.264899
682 V 74.401149 62.295140 63.083120
683 V 72.375975 66.004672 69.943120
684 V 12.996735 69.285380 42.345893
685 V 8.605535 5.268734 62.337373
686 V 62.116279 76.487634 24.147220
687 V 94.380993 19.356657 70.249509
688 I 94.898013 45.333185 28.451419
689 I 69.313741 98.314440 58.905528
690 I 61.241992 16.820385 77.246240
691 I 60.163970 77.386543 56.744936
692 I 24.159296 33.919172 24.720351
693 V 79.756150 59.662296 15.004135
694 V 97.863371 36.404267 16.454415
695 I 77.284233 79.944834 52.695081
696 I 78.702860 49.941020 97.879266
697 V 57.706030 20.352410 6.005666
698 I 57.850423 65.216263 2.918241
699 I 54.565581 12.984295 7.608128
700 V 72.205880 10.525603 5.292460
701 I 84.140553 49.772326 80.042058
702 V 97.564282 86.257197 28.433161
703 V 23.314468 65.906267 21.162571
704 V 46.108582 10.817788 9.611957
705 I 15.185130 4.010644 94.934620
706 I 42.108348 42.965199 34.057089
707 V 33.089538 62.981724 5.639748
708 I 40.576250 28.324719 87.107876
709 V 78.135757 67.166199 39.926039
710 V 95.157014 85.266922 68.700906
711 I 55.760185 22.676262 51.942080
712 I 67.040297 67.453178 62.624213
713 V 54.181930 36.879380 22.481366
714 V 34.437219 30.661372 52.887710
715 I 83.120210 18.365427 33.252702
716 I 65.004256 36.592259 18.741313
717 V 12.374542 32.547091 37.229830
718 I 34.683059 84.041207 86.178597
719 V 12.699698 36.832256 42.917314
720 I 55.967099 20.491630 94.367064
721 I 35.254497 62.635563 30.509289
722 I 55.379774 92.378412 10.655923
723 I 85.830149 11.129653 9.956171
724 I 79.316575 90.033816 84.633178
725 V 57.309932 5.692471 71.137501
726 I 4.704537 52.127357 26.398343
727 I 13.433818 75.422207 8.903413
728 I 5.340239 31.895708 89.296327
729 V 73.353225 80.509728 50.182573
730 V 53.976869 44.555902 68.183592
731 I 39.512607 86.383143 53.283362
732 I 5.515142 73.817559 4.792979
733 V 28.049072 63.099997 80.885232
734 V 55.820242 51.120660 47.438020
735 I 96.149725 34.340996 61.741959
736 I 36.992612 68.339031 24.795719
737 I 25.603620 18.238132 69.098069
738 I 33.854396 90.899813 19.277704
739 I 78.355413 40.508632 97.181002
740 I 68.200841 38.198853 45.866858
741 I 43.213946 90.008180 82.041769
742 V 49.691207 37.866102 8.073001
743 V 52.286839 32.332389 10.880148
744 V 59.087306 56.309136 5.072058
745 I 52.781633 83.040969 26.902753
746 V 20.632246 71.737041 70.568549
747 I 98.252189 57.680944 68.669388
748 V 7.859132 1.613468 33.590723
749 I 74.464686 80.798078 5.594959
750 I 47.018349 70.311412 16.391482
751 V 23.687271 95.080407 83.212615
752 I 81.518036 69.640821 12.694734
753 I 89.398644 7.739016 71.605331
754 I 50.592375 79.991341 72.034200
755 I 11.797593 38.076354 81.650055
756 I 89.201739 65.615375 60.578323
757 V 21.758247 86.724281 30.280172
758 I 18.784237 17.366367 83.295011
759 I 12.762730 63.649827 36.737042
760 I 49.528356 36.668990 96.372498
761 I 14.996913 27.597603 71.895008
762 I 75.954827 62.015377 40.598988
763 I 3.109612 62.389816 86.860222
764 I 45.080729 98.075703 65.557770
765 V 15.144104 89.239679 25.899673
766 I 44.243025 20.378768 74.135351
767 I 93.389972 25.584606 55.147412
768 I 23.609359 1.635616 79.971195
769 I 40.919455 39.226672 91.694181
770 I 9.675409 31.425381 11.638644
771 I 3.170577 56.960498 99.456869
772 I 92.897209 77.209009 42.071050
773 V 4.765715 39.030641 79.273047
774 I 49.734194 25.228746 57.313863
775 V 61.679832 94.449925 65.674715
776 V 75.685643 1.120938 59.226975
777 V 77.757052 44.000083 45.457760
778 V 57.887944 36.448246 48.157374
779 V 16.171501 56.554005 6.840677
780 I 9.759488 66.289755 62.725418
781 I 7.140559 5.832149 31.027066
782 I 7.734724 40.723705 70.975451
783 I 10.545585 10.958254 47.825992
784 I 80.458120 69.243101 87.317118
785 I 74.067970 97.525923 36.574121
786 I 5.236898 28.599043 55.269145
787 V 73.739068 57.697239 14.029638
788 V 57.195652 17.830413 35.553100
789 I 50.533801 50.959917 45.821774
790 I 60.457105 40.738115 52.101781
791 V 48.499979 16.701336 9.093092
792 V 87.215266 80.469228 52.380662
793 I 25.466874 79.729915 94.205753
794 I 73.138960 48.409345 39.017312
795 V 73.742965 21.631652 65.347257
796 V 24.404144 2.986067 67.195770
797 V 12.726010 51.989468 79.927858
798 I 30.271533 56.545342 45.765867
799 V 82.037184 68.017595 59.035103
800 I 48.676099 64.358359 31.427662
801 V 99.818870 45.808673 19.044158
802 V 8.472809 71.137874 93.668885
803 I 94.840755 72.168854 98.572445
804 V 97.011108 53.417865 43.441264
805 V 92.254160 92.918156 71.025763
806 V 65.474654 67.454252 69.880928
807 I 69.186861 21.604729 43.095966
808 I 66.490671 94.193640 0.444497
809 V 91.103143 70.157643 4.135587
810 V 62.043213 49.429347 6.568302
811 V 77.294883 84.802182 28.034397
812 I 95.155898 75.525270 69.733855
813 V 33.034361 8.206845 92.333073
814 I 4.383913 49.961468 50.221909
815 V 43.230239 7.222924 13.239638
816 V 11.811857 10.317438 47.359122
817 I 79.269045 40.373679 98.221788
818 I 29.391897 16.175675 0.244787
819 I 0.074140 21.388451 61.548670
820 I 93.859574 69.601560 53.583029
821 I 32.406864 0.756410 43.267065
822 I 59.486293 70.141289 28.372034
823 I 56.370409 25.320272 22.669179
824 I 73.854594 39.449457 1.052910
825 I 53.874140 38.633065 4.560716
826 V 55.248133 44.797030 29.367478
827 V 19.398315 37.591884 33.813679
828 V 8.847593 30.711081 79.480574
829 I 46.441492 90.554142 71.907250
830 V 37.147762 42.686287 15.597415
831 I 64.615181 41.721910 88.898474
832 V 31.281130 94.695713 6.201489
833 I 75.614166 57.371509 19.233695
834 V 5.819440 5.790511 42.232281
835 V 45.449357 84.124094 15.925609
836 V 83.864708 69.679273 72.541802
837 I 55.911302 60.672734 82.934011
838 V 74.967883 86.924912 31.659215
839 I 26.461630 91.705841 49.349645
840 V 5.403117 89.956263 72.787688
841 I 29.124421 6.073114 42.843473
842 I 88.899868 95.276280 53.982974
843 I 64.275278 94.367750 29.587184
844 V 72.121682 80.303531 81.818607
845 V 85.816624 75.326431 78.754901
846 I 34.166961 57.642624 24.119683
847 I 98.594840 53.256547 22.821500
848 V 32.057597 96.425376 1.945183
849 I 33.413945 94.474368 83.042120
850 V 23.272810 8.244404 96.403560
851 V 92.996501 59.141482 12.999191
852 I 64.540454 55.128978 81.408799
853 V 36.983344 12.987673 11.284286
854 I 16.290225 65.870430 48.128393
855 V 65.813918 46.738858 72.783634
856 V 93.508380 41.437055 65.817390
857 I 75.348485 70.425436 1.452739
858 I 38.339246 86.097425 71.329751
859 V 70.176463 23.997568 82.771977
860 I 18.113709 4.723594 7.585207
861 V 64.364282 26.352067 11.004236
862 I 72.801417 42.751578 27.467238
863 V 72.082390 39.068557 58.475451
864 I 16.832346 60.664824 50.878031
865 I 59.919500 52.786911 47.954810
866 I 85.478556 80.144035 11.671762
867 I 26.883063 53.786820 73.101775
868 I 35.864827 20.902116 41.419678
869 I 45.016717 22.605147 58.374031
870 V 19.909932 36.863164 27.730230
871 V 25.423041 97.388926 91.455429
872 I 28.415257 36.996465 9.292577
873 V 24.911183 66.151854 47.476482
874 V 70.761670 24.781435 26.246663
875 V 29.169458 48.357549 72.991687
876 I 54.333520 38.801754 72.690573
877 V 9.982813 44.339821 61.205000
878 I 65.914827 93.626332 29.926147
879 I 81.522960 53.298661 39.011337
880 I 46.513894 21.246927 24.527709
881 I 11.565621 73.352321 19.972234
882 I 33.452528 8.490374 55.098035
883 I 2.789778 68.168409 14.207475
884 I 60.164327 38.205833 58.515642
885 V 46.426867 98.688792 64.758941
886 I 30.817170 32.820202 34.892322
887 I 59.583648 40.313147 45.381592
888 V 38.535897 91.912219 87.972422
889 I 65.778217 69.360539 63.411668
890 I 68.038332 85.099034 66.366651
891 V 78.903566 36.052185 11.171758
892 I 77.180372 93.728232 18.373726
893 V 11.433116 91.418932 55.826640
894 I 27.417922 78.641995 86.651451
895 I 0.558407 62.493486 87.342609
896 V 97.619670 58.864601 70.042487
897 I 45.140962 23.144886 47.861106
898 V 50.592840 90.854263 12.430284
899 I 96.662151 62.938802 31.609073
900 V 88.656580 85.431982 73.241638
901 V 72.013315 76.500640 87.413913
902 I 76.222070 3.597131 99.720892
903 V 81.689106 39.263754 41.278647
904 I 91.749318 21.023153 52.040397
905 I 80.892830 33.898589 51.256731
906 I 60.084269 43.136201 66.224080
907 I 58.521988 25.256991 81.665894
908 V 42.882765 92.121203 73.149003
909 I 86.453365 98.573363 20.779540
910 I 46.815248 9.258522 96.565151
911 I 74.083588 6.959495 81.055103
912 I 21.291655 37.602726 31.535964
913 I 74.982150 44.211658 5.239432
914 V 60.881975 31.522541 87.868159
915 V 4.208646 29.279192 87.141196
916 V 6.103610 18.203903 11.005084
917 I 72.098009 71.571429 60.546713
918 V 94.484537 44.375028 24.279848
919 V 70.077875 31.749964 46.042455
920 V 71.365122 43.430551 55.166676
921 I 1.285692 21.740035 46.185307
922 I 89.529672 69.958013 24.376239
923 V 62.055224 31.128056 63.265479
924 I 20.002565 97.803287 16.668322
925 I 14.012549 95.092261 18.078270
926 V 98.920396 80.217285 51.767251
927 V 21.225460 95.525323 97.763067
928 V 87.092307 50.987367 63.917753
929 I 48.220697 43.410028 67.670558
930 I 54.355220 66.998222 49.976327
931 I 71.973896 76.373185 70.350138
932 V 78.372655 28.757819 7.067465
933 V 91.904285 47.725107 31.380551
934 V 47.004522 77.457333 52.105661
935 V 32.754998 78.383650 46.535645
936 V 19.354258 71.363407 13.046531
937 I 14.943896 2.166808 30.919102
938 V 73.163939 76.543674 39.711583
939 I 61.067070 29.360817 46.546233
940 I 16.335554 91.898548 72.743462
941 V 56.672080 68.995256 59.738620
942 V 1.345329 69.984516 4.584290
943 I 71.501476 78.663159 20.785014
944 I 29.922550 31.904757 3.147780
945 I 82.185003 24.728652 20.884397
946 V 8.436976 30.554331 68.936093
947 I 50.922389 39.213848 32.375721
948 I 38.558146 67.524163 10.429126
949 I 15.969101 35.905548 26.181728
950 V 4.695934 35.940212 66.673911
951 I 21.945552 92.475867 13.903432
952 I 27.605396 48.734198 93.089669
953 V 9.318667 51.180473 40.386531
954 V 73.055757 63.219470 89.662406
955 V 40.697269 2.416634 53.087948
956 I 38.091072 83.074514 81.909835
957 I 67.714864 15.213279 45.913874
958 I 51.076327 88.213289 38.487401
959 I 37.424027 35.857189 80.370590
960 V 71.175033 37.267838 35.198254
961 I 9.238453 84.628356 35.327646
962 I 92.274413 92.696964 72.676940
963 I 11.618190 93.380197 29.936423
964 I 51.028522 34.629176 63.462204
965 I 1.306287 5.511802 76.743100
966 I 25.115509 16.030521 16.896508
967 I 34.860398 40.372685 37.722195
968 I 57.524790 49.067918 29.291102
969 I 74.358976 91.964313 32.164676
970 V 98.352388 36.407934 46.094780
971 I 11.331873 6.911758 47.415373
972 V 98.373007 39.359279 34.126622
973 I 34.516599 6.780730 21.111757
974 I 8.411492 55.849924 51.538937
975 V 23.019947 74.233401 38.233765
976 I 34.008094 16.316722 33.037023
977 V 64.737883 41.741874 28.511528
978 V 81.307538 20.726610 65.836203
979 I 34.591667 86.389887 80.255658
980 I 16.489227 90.723394 27.406705
981 I 22.442026 38.300703 53.501995
982 I 30.170739 49.661230 51.291351
983 I 99.965459 67.393062 17.444536
984 V 50.099816 56.264827 34.281121
985 V 84.700274 77.872707 92.840640
986 I 57.848348 82.708562 78.949784
987 V 86.963767 79.312231 80.994668
988 V 38.358863 78.270909 0.964157
989 V 28.477235 93.475349 87.615010
990 V 7.434254 35.286687 39.224496
991 I 62.509163 33.786617 47.354336
992 V 75.752340 22.879971 45.193296
993 V 88.962480 22.730773 28.413493
994 V 6.092508 97.863335 75.062408
995 I 73.203257 80.094511 12.752530
996 I 12.003909 56.978363 21.251691
997 V 88.853505 80.962076 92.401743
998 I 36.970132 24.180241 9.425580
999 I 76.542807 71.000532 78.645432
1000 V 4.468959 26.789673 30.012794
