1000
1 I 31.725778 5.386615 14.977875
2 V 94.211215 53.929015 74.324852
3 I 21.821185 40.620104 27.467230
4 V 75.267723 35.920966 97.246901
5 I 64.253563 0.325058 90.962083
6 I 68.723078 35.728013 12.352889
7 I 20.256951 49.397866 92.326757
8 I 32.063776 65.600438 37.564883
9 I 7.696908 53.967498 55.585040
10 V 38.302835 84.702194 1.567370
11 V 72.737537 29.827671 1.363623
12 I 6.301134 37.103606 58.126607
13 I 28.019054 66.312725 81.754639
14 V 39.148072 85.077007 82.642620
15 V 55.648989 36.765293 70.669913
16 I 90.292595 76.880747 62.258185
17 I 99.730412 53.728060 23.190269
18 I 17.194291 52.573166 75.896355
19 I 94.269752 33.238988 21.171020
20 I 24.108325 14.344345 85.369852
21 V 82.106790 51.101926 66.428333
22 V 62.887806 22.114151 54.560385
23 I 71.971281 50.811126 64.198562
24 I 83.975562 84.846951 48.493218
25 I 82.487077 56.213413 11.791548
26 V 96.051741 4.463363 64.826200
27 V 59.300596 64.441150 48.412031
28 V 58.227579 41.773747 68.926965
29 V 94.367369 6.577253 81.862450
30 I 15.133339 15.348252 31.410257
31 V 38.250718 11.905346 29.869047
32 I 40.855709 50.347559 64.199660
33 V 79.612244 32.806724 71.840037
34 I 36.728502 60.443094 4.913827
35 V 89.930393 76.212673 26.004672
36 V 53.555965 87.593301 31.149628
37 V 70.376957 93.418686 15.388718
38 I 81.403890 49.040060 76.027942
39 V 6.543193 36.795545 75.238511
40 V 85.953447 36.925065 83.419008
41 I 15.020609 18.011479 17.141260
42 I 50.032950 47.037968 22.668559
43 I 56.574593 38.550179 3.009686
44 I 14.014120 43.885012 26.454665
45 V 85.428572 2.625392 92.137618
46 V 50.651927 99.881382 7.516958
47 I 83.934151 95.469034 7.002737
48 V 6.793270 39.285612 76.188312
49 I 78.955872 27.450616 16.295425
50 V 41.043384 70.365026 16.543097
51 V 81.027092 55.859266 98.567727
52 V 0.541981 86.557637 55.882765
53 I 96.413095 51.555329 90.321673
54 V 19.286519 48.965651 25.479049
55 V 43.676201 2.076850 19.267517
56 I 18.879648 86.808396 99.475853
57 V 57.973021 59.004962 56.759185
58 V 34.396175 75.321889 33.249482
59 V 66.284286 17.450022 87.565472
60 V 98.451956 47.929562 37.532245
61 V 34.480564 80.594762 35.072167
62 I 95.675581 44.231538 35.583803
63 I 85.493295 93.429012 39.657798
64 V 33.498456 16.721981 2.472085
65 I 92.770191 97.974250 17.120206
66 I 79.046208 14.132578 66.307529
67 V 98.033733 21.869562 82.806893
68 V 96.109469 72.036225 7.401380
69 V 56.384602 68.315800 98.754578
70 V 42.425558 25.278495 61.241543
71 V 0.888615 41.805749 23.465887
72 I 62.441852 44.011642 46.112566
73 V 34.490248 58.982297 30.384647
74 V 10.849114 71.411367 84.594346
75 V 1.625553 86.731058 64.345069
76 V 90.965507 55.244064 89.732564
77 I 13.312608 61.511863 50.788648
78 I 80.987082 11.383955 68.547487
79 I 47.486986 93.650359 25.874373
80 I 67.782936 25.145875 73.192700
81 V 2.505829 83.324400 99.384066
82 V 54.425088 36.817429 43.068421
83 V 18.234949 52.489799 41.485890
84 I 80.374086 8.838512 36.040453
85 I 76.162825 92.340120 63.512885
86 I 17.196018 59.547758 77.323671
87 V 5.837873 33.983905 34.417336
88 I 17.297369 58.388763 56.943126
89 V 94.181006 2.682986 29.061084
90 I 33.573505 8.997784 30.264718
91 I 84.780960 51.483300 18.797399
92 I 4.045609 23.190056 61.048309
93 I 39.966407 95.414285 18.940302
94 V 15.162899 18.534723 42.782004
95 V 35.173415 58.564662 56.506445
96 V 23.820302 13.533861 8.985719
97 I 5.389904 5.145945 13.292822
98 V 81.483588 15.255595 77.933515
99 V 56.551841 62.444455 42.774763
100 I 2.499889 8.385120 6.328934
101 I 99.756681 94.480600 20.463656
102 I 48.866735 67.583309 77.757184
103 V 35.011428 6.017015 67.331466
104 I 21.311207 72.295939 66.612422
105 I 96.795220 1.558760 74.348641
106 I 42.369068 86.081922 52.331709
107 V 63.691966 33.533308 4.597821
108 I 71.489062 11.000751 0.845139
109 I 86.902092 38.570463 10.390988
110 I 52.142733 97.739571 51.690340
111 V 4.112435 25.091387 51.145814
112 V 52.784803 42.800559 87.910167
113 I 85.354030 93.057412 99.620611
114 I 67.349941 98.344537 71.467952
115 I 49.600299 14.504179 37.516499
116 V 92.658240 87.630293 52.453497
117 I 81.697082 71.305975 82.451759
118 I 68.940466 23.100388 33.752631
119 I 32.072008 79.489727 5.409928
120 I 60.215838 52.509218 96.459092
121 V 1.070165 59.767151 68.706547
122 V 35.455057 41.888780 13.751049
123 V 19.256399 80.323221 58.738132
124 I 35.865518 22.326371 25.590845
125 V 0.250285 20.556714 15.589725
126 V 29.939105 11.986460 87.129385
127 I 98.942773 39.971717 77.127852
128 V 4.882399 24.109096 4.825280
129 V 37.150942 42.955164 56.777584
130 I 70.492278 3.761115 38.803486
131 I 44.710771 66.968253 41.001039
132 I 72.818119 97.155144 38.626029
133 V 75.947830 38.166538 61.126416
134 V 86.273564 19.021765 99.890865
135 V 93.080181 81.757712 42.068747
136 I 85.110407 28.211543 78.846578
137 I 80.905647 79.356847 46.785785
138 V 86.138722 19.547511 39.188063
139 I 41.860563 50.820283 49.817736
140 V 62.264585 7.450974 14.230718
141 I 51.762340 37.370452 61.155996
142 V 27.385971 89.011902 53.081572
143 V 36.871521 33.610864 69.860128
144 I 73.885468 25.319338 84.884489
145 V 37.840622 39.893491 91.193644
146 V 13.204085 1.502081 72.569130
147 V 83.067100 63.589674 1.348124
148 V 44.589676 12.688695 11.891838
149 I 88.699768 79.787453 57.707408
150 I 78.359981 83.362041 51.787888
151 V 18.669579 48.136700 39.375372
152 V 37.828271 6.445155 54.097627
153 I 82.280110 20.329284 0.695233
154 V 18.639416 84.786349 95.261009
155 V 11.747155 68.828298 32.911530
156 V 37.545372 40.976130 61.454818
157 V 26.844658 6.043790 3.029743
158 V 19.849884 41.183645 70.074893
159 I 12.915225 61.303491 7.230465
160 I 19.148958 46.657173 11.594819
161 I 80.639734 3.303571 93.055593
162 I 52.944142 6.063350 3.835809
163 I 30.487299 73.417394 16.647659
164 I 43.158656 39.013312 35.585518
165 V 54.565345 24.681435 19.990768
166 V 97.893512 41.925028 32.553799
167 I 69.994332 55.678175 5.623881
168 I 85.694449 69.278920 72.859991
169 I 51.554721 83.317510 79.887751
170 V 57.556109 14.910650 28.022269
171 V 30.625278 10.924590 21.337877
172 I 10.963199 12.183936 88.458841
173 I 82.737353 83.069956 77.254686
174 I 99.079404 25.997005 96.921423
175 V 17.617348 50.048157 61.253389
176 V 11.958492 30.329387 55.372476
177 I 10.313170 12.013902 82.752440
178 V 68.201159 96.200051 38.602192
179 I 69.182244 15.207912 4.688887
180 V 99.610325 2.241450 97.597724
181 V 59.705745 55.096414 27.787314
182 V 92.631027 55.575942 64.767683
183 V 28.139678 0.758140 2.038232
184 V 67.236092 86.502292 76.592126
185 V 90.307412 88.312599 36.667695
186 I 91.721247 81.214262 80.624644
187 I 39.843332 94.887773 44.350168
188 I 85.647675 82.868655 65.173676
189 V 7.393217 91.083127 73.301987
190 I 63.294612 29.090009 69.093335
191 I 48.973463 51.443500 96.427858
192 I 43.435772 76.855446 5.094623
193 I 66.396318 40.463703 95.114489
194 V 12.155158 92.345455 53.629555
195 I 66.993891 48.011928 99.038665
196 V 55.014715 16.065494 60.103569
197 I 52.997445 23.453119 32.460870
198 V 43.968034 79.526781 68.693655
199 I 6.644898 54.181799 84.910657
200 I 91.134619 88.190693 84.590200
201 I 99.569090 83.942482 13.983720
202 V 99.451911 43.703312 44.272293
203 I 6.682718 65.848997 32.885008
204 I 76.599061 42.889766 68.876933
205 V 92.326308 25.921113 44.618434
206 V 28.150241 67.475100 97.969295
207 V 69.725160 76.657931 63.403045
208 I 42.699320 70.093057 97.810966
209 I 76.531945 39.526219 97.155918
210 I 32.546268 1.978762 26.614254
211 I 80.464319 80.329405 4.927475
212 I 33.078900 2.617103 5.595750
213 I 98.971150 28.048110 27.891230
214 V 61.457157 89.719692 11.538720
215 V 29.453746 50.721876 74.164327
216 I 17.960993 0.444175 99.552651
217 I 17.441969 27.394693 20.583560
218 I 78.147840 0.063236 12.333447
219 I 21.289194 12.056931 18.653963
220 V 41.550386 69.081509 94.183111
221 I 81.352975 61.921513 82.029226
222 I 57.067909 0.742224 13.791227
223 V 65.925980 76.579152 20.626699
224 V 94.187316 5.975866 69.500003
225 V 80.160160 45.702679 30.196402
226 V 42.496907 96.639171 43.477505
227 V 68.671383 86.744877 80.430768
228 I 2.176967 20.464371 40.357522
229 V 47.981746 45.862276 61.163342
230 I 41.409466 99.092552 74.746142
231 I 48.015117 20.065513 18.089859
232 V 70.283051 79.226592 59.355035
233 V 5.002415 89.396064 34.870283
234 V 18.676789 84.012615 90.347015
235 I 87.037205 16.689620 10.749493
236 I 32.322038 53.164081 69.515693
237 V 28.894345 45.527274 91.006769
238 V 28.395955 49.948311 62.664096
239 I 13.530736 44.759904 55.449151
240 V 52.607277 35.006652 60.571956
241 I 79.659926 81.182588 51.756928
242 V 76.146228 51.585337 26.859093
243 V 94.797978 83.766648 23.191932
244 I 98.788296 50.761314 53.300010
245 I 4.293926 6.918425 84.912952
246 V 88.212670 72.267007 30.780184
247 I 17.804276 20.162357 26.215665
248 I 19.364603 71.978094 43.869644
249 V 46.365095 19.263197 26.167678
250 V 45.275877 5.100499 29.432594
251 V 7.509254 41.977975 70.323972
252 I 54.082770 39.269739 72.587247
253 V 37.103856 72.442804 20.861602
254 V 81.390221 79.551591 73.856165
255 V 60.284601 25.456354 78.390909
256 I 84.041670 70.924715 93.718116
257 V 80.638118 94.538210 62.725144
258 I 46.428297 22.340940 36.414110
259 V 65.650425 71.386938 29.513501
260 I 92.592557 65.496496 72.704573
261 I 93.069457 4.236209 34.155381
262 V 42.571093 89.169089 61.687285
263 I 86.150982 3.245609 1.331583
264 I 53.750374 56.484844 76.179246
265 V 93.187057 75.122659 76.983902
266 I 40.376575 30.288693 27.718383
267 I 81.865087 97.001575 45.086780
268 I 73.977029 84.355146 47.773394
269 I 18.742785 98.113570 65.993075
270 V 14.973276 17.187374 51.771797
271 I 82.946508 64.023830 52.626436
272 V 1.713704 75.916781 61.627963
273 V 52.399016 90.199379 88.772337
274 V 13.324956 12.560725 30.182186
275 V 6.305307 77.931742 0.246033
276 V 27.926554 82.021969 51.717097
277 I 53.982433 98.074612 3.215583
278 V 40.221817 66.639811 69.598171
279 I 16.276590 82.674109 19.589810
280 V 50.295799 1.371458 93.309751
281 I 17.150374 44.956885 23.852687
282 I 83.854968 42.977539 2.809850
283 I 35.722232 19.922469 10.130576
284 V 19.257399 63.922653 43.508581
285 V 6.480553 99.284285 59.832181
286 I 39.016546 87.841808 70.486436
287 I 88.506298 10.581892 54.464178
288 I 99.668817 20.412708 56.232905
289 I 41.413418 2.166192 3.138034
290 I 60.542947 38.830213 81.492361
291 V 69.531295 72.974219 19.716552
292 V 54.638852 8.806543 11.592359
293 V 18.383057 87.942882 20.369455
294 V 76.930542 63.746613 18.041786
295 V 84.179520 51.674151 99.450607
296 I 48.962128 34.150854 17.925689
297 V 79.641184 94.920421 84.617091
298 V 78.563835 23.057610 5.355697
299 I 33.752806 27.356317 60.406679
300 I 69.515818 83.879030 17.258196
301 I 25.952409 95.934703 94.904420
302 I 60.941756 28.923643 35.820551
303 I 99.740759 67.000226 46.866664
304 V 82.903823 87.518241 57.275607
305 I 73.426059 45.359751 75.471536
306 I 36.666700 16.875544 69.875117
307 V 0.724954 59.198533 81.139251
308 V 6.281525 84.570285 10.359898
309 I 56.581465 95.475942 18.881857
310 I 58.713117 26.055929 72.781615
311 V 83.514704 75.338235 50.445403
312 I 90.673701 50.353273 4.538933
313 V 27.050396 58.547379 19.627503
314 I 70.503516 37.265782 8.886269
315 V 83.987094 58.657896 18.713281
316 I 24.762538 29.542532 25.984225
317 V 47.954023 69.614621 46.533366
318 I 56.340761 9.899619 55.060353
319 I 11.504211 39.332444 0.034055
320 V 22.374853 70.699595 38.974190
321 V 79.886122 11.063084 39.648478
322 I 63.673911 7.506743 63.271631
323 V 20.152350 40.126903 4.812523
324 I 1.338257 16.952392 91.085032
325 I 60.041414 57.167443 55.551855
326 I 16.863276 34.909406 45.124820
327 I 90.510360 73.163921 12.392811
328 I 14.644197 30.445297 25.146603
329 V 95.059247 51.228126 63.841931
330 V 11.070607 22.880139 45.864759
331 I 80.546911 89.913335 43.489084
332 V 10.165476 85.589782 62.494011
333 V 4.801452 10.475592 70.883954
334 I 67.561372 29.312695 30.618790
335 V 1.287951 62.158631 39.058165
336 V 28.035400 93.712265 58.358236
337 I 25.431512 48.475804 84.954718
338 V 37.764470 97.175401 73.969128
339 V 82.904383 16.804663 54.520834
340 V 95.891612 59.785228 0.559649
341 I 49.706892 91.669547 0.409803
342 V 37.321238 1.591656 15.361562
343 I 69.852730 79.161851 98.415667
344 I 53.723529 5.159244 34.797418
345 I 97.254598 86.561073 21.045955
346 I 49.654560 40.390193 60.352867
347 V 79.507088 31.118486 60.623424
348 I 70.074798 74.997256 91.845845
349 V 86.153134 34.035848 31.550873
350 I 79.061722 84.564514 43.744535
351 V 14.783324 0.114128 96.496065
352 I 6.637279 7.580557 12.978776
353 I 22.022838 74.179249 15.186394
354 V 66.342745 32.408535 86.000141
355 V 92.948678 4.239178 49.297446
356 I 58.510684 73.235341 2.115229
357 V 99.462392 35.951208 37.615340
358 I 40.959168 17.828813 15.858922
359 I 76.802117 7.185152 34.149361
360 I 52.489285 37.662337 60.619420
361 V 54.255099 42.840969 16.729470
362 I 43.575846 17.307976 62.716009
363 V 58.542411 20.747998 63.694097
364 I 70.385882 60.863125 68.479803
365 V 98.354214 30.861102 88.317976
366 I 65.202171 68.453123 71.506340
367 V 33.710110 6.055248 1.427769
368 V 9.113260 68.386077 50.220362
369 V 74.550987 13.247996 99.147259
370 I 40.273254 12.245913 92.259466
371 I 0.655802 77.158661 35.692265
372 I 95.346226 37.209342 79.408057
373 V 59.138635 30.356034 24.761988
374 V 52.178999 69.510128 65.322134
375 I 72.752977 31.013041 77.315526
376 V 93.615694 22.837048 92.209499
377 I 64.315829 43.952393 40.262368
378 I 5.795020 41.670891 94.229093
379 V 86.443828 80.398851 19.505842
380 I 56.994105 83.837823 4.386492
381 V 87.293987 19.300067 35.768519
382 V 64.584494 59.066145 99.206667
383 V 63.310313 46.405461 40.593009
384 V 10.968522 31.732010 87.094450
385 I 20.237508 33.219820 67.782740
386 V 89.863687 60.515217 28.557690
387 V 20.338095 46.834335 14.695933
388 I 84.835286 20.381901 51.986080
389 V 80.674634 21.625253 79.071030
390 I 26.462163 30.093401 52.335735
391 V 59.862436 47.079232 67.480307
392 I 63.521618 82.450973 78.078057
393 I 13.997550 85.384767 80.336104
394 I 10.863308 63.778249 75.558637
395 I 0.884072 87.313154 54.772838
396 V 38.140140 35.496018 34.906986
397 I 79.876372 71.754270 19.542704
398 I 57.741547 19.156673 95.363224
399 I 8.018675 5.717961 66.088516
400 I 7.545121 43.382414 12.498461
401 I 54.206047 75.430714 56.187312
402 I 31.912162 46.760998 98.313828
403 I 11.630686 63.725385 18.525191
404 V 8.932244 27.481472 59.606442
405 V 16.604013 97.427800 4.349561
406 V 28.621129 76.837486 97.203700
407 I 40.010914 25.847098 94.042974
408 V 14.771152 5.306623 98.977626
409 I 73.248313 11.569220 93.560379
410 V 28.430789 90.907145 96.440249
411 V 66.982761 0.924069 20.957017
412 I 82.715934 11.302163 63.365235
413 V 48.214412 95.558668 39.150969
414 I 81.583688 50.970851 76.664186
415 V 48.809575 29.782081 97.485604
416 I 88.293475 97.084602 91.686739
417 I 65.803234 78.877071 3.322839
418 I 21.015159 76.113496 29.461973
419 V 31.082194 26.536037 67.308712
420 V 87.883483 50.519526 24.568983
421 I 38.477826 61.316488 99.187047
422 I 78.815763 93.619522 54.525787
423 I 74.325246 52.134385 29.122547
424 I 16.567830 71.541324 18.452841
425 I 17.972733 2.497093 62.652850
426 V 48.115313 79.191977 43.623143
427 I 44.671176 36.195475 41.263523
428 V 66.085775 24.191976 0.955973
429 V 46.345231 83.681233 65.886413
430 V 1.037331 44.662151 32.959463
431 I 33.906421 95.713840 87.302977
432 V 39.100993 17.875204 49.196987
433 V 61.724791 28.731806 44.358501
434 I 52.780775 61.478350 19.520022
435 V 13.782146 61.419485 67.058370
436 V 68.976117 52.908006 87.499232
437 V 29.719038 56.919906 31.150735
438 I 20.491235 77.273436 82.272316
439 V 70.625164 17.071069 82.603277
440 I 2.921094 32.393002 70.588864
441 I 13.678227 67.774243 92.460937
442 V 10.750946 84.050837 9.612098
443 I 11.704058 39.033093 56.268899
444 I 93.358249 41.429379 57.597238
445 I 14.784191 49.529172 55.397133
446 V 86.111022 26.584588 25.430746
447 I 88.531743 70.613863 19.698998
448 I 82.101803 0.557909 6.868408
449 V 47.497293 42.815388 81.309274
450 V 87.873115 92.798196 73.845099
451 V 92.901527 34.826634 92.386743
452 I 60.592737 78.391863 91.706376
453 I 52.850947 38.641228 2.240720
454 I 27.060872 68.033608 48.202022
455 I 80.646512 49.347584 97.291773
456 I 67.454423 58.032547 65.883564
457 I 52.047033 69.451570 80.693863
458 I 36.847980 14.530451 15.432889
459 V 38.844584 48.060311 47.475614
460 I 65.565850 75.550585 7.100147
461 V 40.416236 20.990646 22.403535
462 I 68.587367 62.161704 50.442815
463 V 39.602224 94.640957 47.035614
464 I 96.987321 3.710346 0.031780
465 I 46.967658 66.158794 67.270264
466 V 73.887286 12.775387 43.987976
467 I 62.672282 87.520683 33.450167
468 V 33.422347 94.721902 47.002782
469 V 78.373199 83.019836 55.310585
470 V 74.203679 59.201662 49.457277
471 V 20.286060 50.397187 41.153163
472 V 35.088101 28.291014 44.472893
473 I 64.064882 87.557846 70.367745
474 I 39.002035 50.754184 83.077686
475 I 28.434176 1.534480 97.934716
476 V 47.337844 6.980776 66.913483
477 V 90.647244 58.742542 10.738281
478 I 49.292631 78.459352 44.990362
479 I 3.785014 81.359053 95.583846
480 V 62.554123 76.505880 3.118299
481 V 48.361056 17.389088 40.828997
482 V 46.449612 51.726297 69.221949
483 V 69.191899 4.941573 17.300263
484 I 60.891578 23.861034 38.534812
485 I 12.110557 88.587226 68.420303
486 V 22.384140 99.068144 33.301082
487 I 57.659143 80.866453 30.183059
488 I 85.366621 44.582585 94.509992
489 I 61.432481 69.406542 8.180636
490 I 42.931837 16.906917 87.041052
491 I 33.360205 80.496141 4.320914
492 I 5.563880 65.643977 56.935155
493 I 7.194469 32.254724 7.517964
494 I 63.129019 77.086948 50.106604
495 I 85.247036 73.591348 50.956444
496 V 0.500001 9.930604 0.775183
497 V 30.657194 42.191822 80.834485
498 V 92.628045 0.952397 14.430408
499 I 74.354890 8.224442 13.628366
500 V 35.275368 75.287108 62.873510
501 I 77.563409 39.478878 76.982726
502 V 57.041725 11.818915 30.111374
503 V 55.349135 56.582291 16.628403
504 I 71.275506 64.912488 54.563188
505 I 25.940355 0.518287 99.871998
506 I 49.350529 12.408763 58.559508
507 V 22.416219 97.553634 9.546795
508 I 50.575064 65.383459 82.277493
509 I 6.270397 13.067521 96.364265
510 V 82.079072 51.121296 61.002224
511 V 85.387765 17.552316 43.101323
512 V 3.547359 90.214359 99.261095
513 V 65.018760 78.997952 4.364393
514 V 30.092996 16.820573 91.482608
515 V 52.864989 67.471160 74.227526
516 I 18.169381 26.045183 66.651368
517 I 44.846235 61.328489 2.252894
518 V 50.104557 57.867819 54.165109
519 I 28.523880 71.295347 83.916627
520 V 94.606805 42.991169 51.211906
521 I 57.110789 76.656111 39.359993
522 V 80.587159 99.459712 30.422456
523 V 14.684075 81.433817 17.472152
524 V 30.416836 22.861263 34.179600
525 I 6.178360 9.014750 96.230121
526 I 50.203471 84.416417 89.091350
527 I 46.901131 18.470882 34.923141
528 V 53.795205 23.438751 54.870231
529 I 99.199382 61.484527 81.017402
530 I 52.310319 35.624893 75.416377
531 V 15.878817 3.134940 22.938424
532 I 62.128563 45.473685 67.452258
533 I 4.871118 10.724484 94.554876
534 I 48.888967 66.442495 57.896291
535 I 82.152430 65.548588 36.511797
536 I 74.041717 79.161664 9.939121
537 I 58.858114 62.214411 2.569903
538 I 46.308480 76.213118 81.905196
539 V 95.307661 50.259238 47.445947
540 V 75.197966 83.585642 54.052686
541 V 98.581980 82.357166 13.006114
542 V 86.214781 85.121799 2.014629
543 I 86.431054 31.793190 97.087964
544 I 91.743541 15.745858 87.326801
545 I 67.758358 4.986856 6.727902
546 I 29.896183 79.659079 50.272393
547 I 4.707796 16.137778 95.490464
548 I 71.339783 71.482606 5.780124
549 I 82.892264 20.479959 51.657729
550 I 27.746836 44.943998 20.476885
551 I 63.864675 89.114958 22.369531
552 I 26.723067 58.669355 57.377290
553 I 59.185984 25.315831 57.849297
554 V 85.593009 62.154725 67.424422
555 I 58.576765 81.292445 30.567833
556 V 75.941556 92.373524 6.357995
557 I 20.413341 95.220370 81.931636
558 I 46.510280 89.158714 9.828619
559 I 75.717474 55.802728 22.723231
560 V 2.441871 97.843147 56.130988
561 I 98.625569 95.505103 3.564460
562 V 73.401900 28.239625 6.146234
563 I 39.537644 42.558198 84.469167
564 V 92.265048 69.236085 41.158691
565 V 50.288440 29.760405 34.316341
566 V 55.886420 99.233069 43.341771
567 V 89.884635 40.048614 24.039655
568 V 7.886657 67.530277 69.258245
569 V 83.197383 68.750585 49.378577
570 I 70.417610 6.097716 62.151952
571 V 1.198069 18.722445 0.544408
572 V 18.176094 90.582898 98.184569
573 V 83.997424 28.187867 76.020390
574 I 81.194621 32.066704 78.414102
575 I 76.684812 39.176857 75.632889
576 I 87.799232 41.093047 39.864883
577 I 45.911506 73.462021 87.236529
578 V 45.496846 46.715673 5.331441
579 I 75.697478 79.086852 68.573828
580 I 53.228712 80.712643 36.305099
581 V 17.366449 95.469023 25.244061
582 V 40.195157 14.731658 69.425140
583 I 83.509488 58.809257 54.208932
584 V 73.026928 45.208727 30.171556
585 V 20.380859 1.203343 30.748993
586 I 74.112969 3.346989 11.299683
587 V 85.730355 47.372005 44.740900
588 I 21.899447 68.209467 71.400048
589 I 33.773859 85.963455 21.821280
590 V 50.897247 62.163709 66.686821
591 V 79.357230 40.710703 26.755575
592 V 36.486745 23.804608 67.985987
593 V 69.469084 47.751715 97.691316
594 I 82.887850 55.568129 39.303101
595 V 62.252136 71.656255 57.193934
596 V 99.283866 15.017220 41.705452
597 I 14.141864 38.790171 43.805029
598 I 56.046446 62.370779 7.740645
599 V 32.631592 27.268579 41.540673
600 V 28.895444 10.145146 79.032384
601 I 93.603994 76.217817 52.524779
602 V 53.204600 46.570748 51.736844
603 I 24.236332 3.187500 41.134675
604 V 56.158828 42.769254 98.655898
605 I 99.670737 40.907732 80.653674
606 V 91.786360 43.137733 65.290329
607 I 68.179758 22.554330 33.148181
608 I 56.537939 24.335866 98.593149
609 I 72.866672 56.674866 44.032802
610 I 53.188107 61.993132 54.226090
611 I 5.617041 56.456400 24.871162
612 V 15.426165 41.753821 1.195445
613 V 10.596237 67.305919 19.902934
614 I 74.688884 14.767445 55.563822
615 V 48.779104 54.798278 67.777362
616 I 22.504893 95.327593 7.200443
617 I 45.742497 84.297793 72.654320
618 V 75.656573 26.409140 69.197616
619 I 0.586559 10.769009 63.882046
620 V 64.385981 51.353372 45.506629
621 V 91.819629 79.880467 85.652095
622 I 42.339170 8.264306 16.147737
623 V 34.759639 78.072762 40.454317
624 I 31.361124 16.475791 17.113380
625 V 67.407402 36.487233 86.630259
626 V 27.778980 68.814899 59.380147
627 I 88.080122 79.860441 37.210426
628 I 99.828980 27.324415 44.048736
629 I 13.280824 0.946570 74.424663
630 I 2.579430 1.570749 17.380300
631 I 87.680906 75.090045 37.662531
632 I 48.566825 5.818169 94.366597
633 I 71.496592 50.136509 13.325324
634 I 36.178626 37.149297 36.392658
635 I 31.063711 92.326008 44.396687
636 V 23.156092 46.042593 53.853824
637 V 59.790504 81.873085 69.364599
638 V 10.251523 80.785673 30.767769
639 I 62.774315 73.672727 36.064289
640 I 76.125837 92.909203 41.836039
641 V 56.143477 32.243234 81.413095
642 I 46.426232 37.749314 93.037418
643 I 25.208691 82.839711 72.350711
644 V 60.617886 18.768117 4.939980
645 I 70.795952 61.519582 79.578660
646 V 82.173155 25.499958 83.925021
647 I 33.470692 28.471130 51.594144
648 I 91.991077 26.715403 16.651283
649 I 12.153411 50.599068 74.189184
650 V 4.581538 7.332250 44.161707
651 I 28.320767 55.895527 49.876967
652 I 85.133687 3.596716 7.508374
653 V 53.617800 58.411081 96.433410
654 V 9.395484 69.707801 41.774770
655 I 50.394722 77.104007 23.089698
656 V 90.928073 78.178764 1.550101
657 V 44.433697 22.822432 42.348793
658 I 8.818811 72.110818 17.899182
659 V 54.285509 11.749547 59.264103
660 V 13.310922 77.604325 20.038465
661 V 1.975024 55.442566 24.023264
662 I 79.726526 55.832460 71.502040
663 V 75.648801 27.333667 38.259010
664 V 12.362884 92.607703 26.240595
665 V 73.536455 93.012069 91.575588
666 V 49.957007 37.280369 3.969701
667 V 24.175322 16.086131 84.287608
668 I 81.944046 71.950532 70.865127
669 V 44.348931 20.623946 66.374549
670 V 8.151268 29.116504 61.672093
671 I 3.658542 56.849675 71.560441
672 I 44.762167 8.779723 53.938601
673 I 53.389776 54.346528 76.563018
674 I 39.120475 86.525926 25.723878
675 I 50.856183 50.794770 86.507078
676 V 23.063800 51.564468 60.934733
677 I 9.506078 10.356875 89.421120
678 V 84.329623 65.952893 83.850462
679 V 73.586839 78.418114 16.690776
680 I 55.249053 85.269151 1.773790
681 V 10.249216 39.019615 6.046315
682 V 42.132691 76.583184 28.854524
683 I 34.821236 56.337942 36.571811
684 I 76.875787 57.887706 31.109636
685 V 53.333392 54.297044 38.856867
686 I 87.146394 47.048563 88.870129
687 I 85.566781 53.310404 62.499704
688 V 78.731652 85.330888 71.362138
689 V 74.984943 58.536695 2.765396
690 V 99.554191 7.748149 45.415026
691 I 50.094001 54.697373 36.106204
692 I 96.799202 88.367399 14.369431
693 V 11.783706 73.547993 31.308696
694 V 90.511633 11.273200 16.193488
695 I 29.268958 7.897035 79.820946
696 I 52.544507 7.957510 9.376283
697 V 69.086508 46.916410 75.431291
698 V 33.402930 56.030929 20.008092
699 V 61.261879 78.220447 69.529432
700 I 61.261351 31.476070 59.541743
701 V 12.677638 42.852799 11.192485
702 V 62.294645 33.332895 29.002974
703 I 34.891164 61.153122 73.518354
704 V 12.623264 43.212972 32.895102
705 V 62.508712 30.939848 4.792412
706 I 7.500399 5.485417 85.297766
707 V 59.835325 96.487812 61.414339
708 V 96.560274 90.723253 58.868975
709 I 19.415611 50.438011 71.613295
710 I 57.059997 19.178379 59.553388
711 V 93.965520 82.665189 44.183561
712 V 82.127021 37.020318 70.437110
713 V 64.209984 36.796279 1.619897
714 I 35.344867 68.851870 18.903150
715 V 70.072330 10.171604 71.413806
716 I 98.600139 90.647634 99.697816
717 I 42.417893 77.415492 32.447401
718 I 57.403613 43.667927 82.304329
719 I 89.000600 95.510368 1.322864
720 V 8.395137 4.204554 52.798697
721 V 29.284212 39.732311 39.259108
722 V 37.891505 64.994094 84.596698
723 I 71.399435 63.916308 71.696194
724 I 35.952280 36.536938 1.478034
725 I 50.702796 58.205633 56.208683
726 V 28.532171 49.216281 86.768171
727 I 68.200010 10.596079 29.053221
728 V 55.713890 21.461376 18.846390
729 I 13.842795 94.919212 0.617157
730 I 96.642891 74.446693 86.841942
731 I 35.955016 50.958837 10.851584
732 V 90.791792 64.157869 41.956296
733 I 71.504828 50.123869 83.980995
734 V 95.191275 88.262564 71.283093
735 V 22.126243 32.061594 94.197321
736 V 33.860613 63.444118 45.462111
737 I 26.212700 86.832495 30.296927
738 I 17.391688 94.874250 25.334546
739 I 56.821962 29.422456 61.554093
740 I 40.330012 83.534044 37.802060
741 I 46.182029 21.934623 45.365692
742 I 23.852589 43.169375 64.788090
743 I 35.963853 82.404094 80.600857
744 I 58.267502 20.462272 20.318993
745 I 19.347600 5.556396 41.740659
746 I 71.595787 18.549339 89.765481
747 I 95.758557 6.591759 60.797145
748 I 12.664818 82.661332 31.286880
749 I 12.148534 71.816163 61.361378
750 I 34.304928 50.534082 21.994160
751 V 70.144865 64.495850 31.052265
752 I 53.640256 86.268024 16.952197
753 V 1.741181 98.149782 14.928466
754 I 7.488197 51.877705 85.062079
755 I 47.296433 40.269798 96.061105
756 I 56.399226 31.858079 79.384641
757 V 38.854068 12.608436 16.928065
758 V 2.421388 23.591411 5.650064
759 I 10.056165 89.500043 19.503410
760 I 84.001201 93.812576 20.260921
761 V 37.827941 78.422753 89.026877
762 V 44.978756 84.739728 72.290646
763 V 22.993105 10.301617 15.095402
764 I 45.508350 71.539796 37.919846
765 I 85.239670 50.704719 4.249486
766 I 26.252156 38.217755 2.534056
767 I 55.243077 81.107165 97.010450
768 I 38.132442 50.868612 0.997614
769 V 36.974290 73.298545 33.384358
770 I 42.130239 49.389858 56.962208
771 I 33.962737 49.847703 0.607100
772 V 65.120812 0.715632 83.318608
773 I 68.954544 80.378257 27.701235
774 I 53.426135 90.760654 11.359073
775 V 69.653289 75.527467 88.657654
776 V 53.031059 35.903222 29.967855
777 I 24.088830 93.983821 26.244051
778 V 61.390510 15.106957 69.981002
779 V 31.290328 52.490860 8.104343
780 V 29.543853 51.831378 11.799051
781 I 55.291508 28.063930 11.122286
782 I 85.793313 35.755537 23.231674
783 I 54.708036 13.811065 20.828576
784 I 33.829430 59.365769 35.291208
785 I 23.407020 21.038772 60.663624
786 I 21.589612 28.224101 29.300683
787 V 47.982976 59.638635 58.625941
788 V 5.516300 62.615845 90.273668
789 V 90.953763 82.737547 29.221151
790 I 86.249063 74.440472 83.017499
791 I 87.495972 36.642091 73.171147
792 I 33.401143 14.317295 33.369050
793 V 89.683999 37.626656 48.123077
794 I 97.363201 4.574642 39.433018
795 V 20.387117 29.512913 60.643885
796 V 60.603926 40.671241 55.366051
797 I 16.076837 10.968803 69.326130
798 V 21.534133 79.958261 70.667365
799 I 88.290511 45.539255 59.646769
800 I 72.883066 41.177672 61.226670
801 I 38.142476 73.372291 30.638184
802 V 46.800872 17.734086 47.027887
803 I 65.742515 38.969026 33.105128
804 V 37.560013 55.645050 56.482257
805 I 86.568701 38.067073 96.704515
806 I 25.390280 97.422161 76.958468
807 V 89.281569 13.504281 84.591342
808 V 91.825594 68.725966 89.264477
809 I 41.078396 91.705938 4.448561
810 I 74.717927 43.808444 52.256820
811 I 27.031343 24.315583 40.954358
812 I 99.328194 83.015240 78.667589
813 V 57.283844 69.138044 83.776659
814 I 99.925252 16.091867 88.325405
815 V 49.929317 63.367927 31.045692
816 V 76.949391 56.998851 69.589325
817 V 40.586542 8.825682 30.552804
818 V 69.433341 88.162147 12.780001
819 V 61.059476 8.057637 76.728148
820 I 16.102747 52.172555 75.179403
821 V 22.716032 58.195243 12.884665
822 V 17.824140 93.203735 31.412430
823 I 22.650926 4.877388 87.621131
824 V 40.476320 8.580692 35.454162
825 I 83.555035 79.296087 46.166697
826 I 45.869083 4.797823 89.830384
827 V 63.517996 67.492711 45.289724
828 I 47.809949 81.710503 30.434587
829 V 32.576293 14.043586 22.006563
830 I 54.241728 31.258200 82.354128
831 I 96.733395 89.975187 62.578503
832 I 41.265292 40.905010 37.497262
833 I 8.317590 76.159402 0.449678
834 I 27.435119 44.900980 35.340786
835 I 1.965778 14.984241 71.744883
836 V 37.011996 99.170771 42.681777
837 V 84.104172 40.874365 74.113001
838 I 99.759940 42.583773 36.882749
839 V 48.905216 46.997406 87.479571
840 I 21.378428 97.608448 79.798079
841 I 80.932298 35.235610 32.489083
842 I 46.760601 66.819868 42.599507
843 I 66.504368 0.426946 15.376048
844 V 0.150928 37.548249 44.267216
845 I 45.332451 45.514950 31.930694
846 V 83.425311 69.815940 56.778733
847 I 0.180572 28.527138 20.855146
848 I 98.261700 55.143869 85.748600
849 V 21.543805 61.207923 88.811120
850 I 89.237658 55.278409 83.652032
851 I 78.972218 67.066866 3.508122
852 V 66.787827 50.966649 48.570655
853 V 70.187549 71.491092 7.112867
854 I 55.358822 55.390797 26.298424
855 I 69.359020 17.773611 6.052266
856 I 13.069127 44.555600 64.820276
857 V 51.597380 76.769728 87.932567
858 I 1.693559 5.394249 51.510066
859 V 38.652588 33.526554 49.087967
860 V 86.970513 55.050007 57.687965
861 V 69.683399 20.446085 92.142546
862 I 70.985556 92.290647 64.940519
863 V 60.417556 28.547576 5.702585
864 I 50.566554 3.977779 45.634157
865 I 30.029457 92.405001 49.386423
866 V 98.730559 49.609257 59.762098
867 I 88.130063 69.331845 43.172902
868 V 0.206189 85.474480 24.296251
869 I 76.403953 30.052396 16.809043
870 V 51.241536 21.677145 7.723177
871 I 68.933367 79.028509 14.600624
872 V 97.338675 40.661429 22.663071
873 I 87.530515 39.973790 62.661822
874 V 18.932976 82.810676 73.462470
875 V 25.429585 97.887203 57.400224
876 V 91.379560 16.318534 53.505628
877 V 25.783893 24.985009 97.677060
878 V 70.135783 34.010158 16.632552
879 I 98.575695 7.507920 2.478467
880 V 82.869798 95.701877 55.336768
881 I 46.218857 24.001079 89.805582
882 V 87.909974 34.708226 88.296988
883 V 73.486155 91.245063 48.726243
884 I 1.617404 73.475829 14.054334
885 V 28.744105 60.597592 25.267641
886 I 1.194572 71.380162 79.718871
887 V 37.549330 95.197768 44.255543
888 I 18.508775 38.960241 21.177343
889 I 76.436930 74.271999 26.691207
890 I 8.757662 86.568440 20.605218
891 V 38.510156 56.568791 44.032459
892 V 55.047174 95.264834 66.027112
893 I 75.288535 91.449465 51.152121
894 I 17.078599 15.389081 83.074275
895 I 51.520759 27.046071 24.640488
896 I 41.024464 45.135629 88.469153
897 V 74.258819 26.439542 98.009052
898 V 87.851314 10.645138 23.125829
899 I 56.880557 33.580609 56.515710
900 V 36.498689 30.053380 57.412240
901 V 93.517930 39.034783 72.337987
902 V 51.081596 99.325020 28.542647
903 I 63.184762 15.002283 54.522722
904 I 57.648437 89.486840 41.092174
905 V 78.638521 61.702788 23.020764
906 I 57.594682 2.611634 73.351677
907 V 27.059838 73.336748 89.648797
908 I 22.344036 62.832362 21.962229
909 V 49.814127 34.366715 84.047674
910 V 77.274189 16.526278 70.329552
911 V 46.744420 0.221647 63.781660
912 I 65.012927 60.674501 78.391032
913 V 20.237671 0.729991 55.959014
914 V 34.872584 56.799864 39.378199
915 I 6.936832 47.768531 92.724043
916 V 66.314779 50.939347 17.568928
917 I 63.029660 70.294963 16.902159
918 I 95.181829 40.201241 4.343658
919 I 57.833535 20.008777 25.868091
920 V 87.418194 59.251307 51.169884
921 V 10.842500 6.077063 72.826887
922 I 4.006777 73.706568 16.181226
923 V 35.641825 26.088247 78.075210
924 I 33.342534 23.894047 61.638456
925 I 25.737176 5.416727 92.883528
926 I 85.512096 84.797322 84.287086
927 V 18.038158 18.204414 21.194741
928 V 12.739375 88.875609 21.478941
929 I 65.771444 44.825078 60.777811
930 V 4.469966 6.779280 76.867297
931 I 63.027750 51.415439 80.705989
932 V 69.785129 95.832258 7.631806
933 I 54.573732 82.379855 40.596048
934 V 72.552812 66.980855 25.218343
935 V 17.202665 15.098677 54.605362
936 I 7.040733 42.204437 28.055337
937 V 12.132099 12.781861 97.175699
938 V 42.327881 98.776034 10.151589
939 I 80.464530 56.055135 88.183887
940 I 39.567549 57.407256 20.843224
941 I 10.999699 19.641976 19.618812
942 V 54.862030 20.521307 20.035097
943 I 82.297103 52.946032 18.705148
944 I 10.427211 17.235391 10.729145
945 V 81.882759 41.488037 5.804971
946 I 4.113961 17.588441 56.745609
947 I 93.766254 65.997253 75.500502
948 I 79.991404 78.601493 92.668797
949 I 0.900434 9.198665 93.873394
950 I 48.710990 66.465225 2.456433
951 I 70.892018 77.556687 87.006746
952 V 64.053536 24.421689 14.538617
953 I 53.059521 14.249984 52.206158
954 V 44.623922 2.924553 99.354471
955 V 70.146828 70.358439 48.818583
956 V 19.797751 79.921012 12.172062
957 V 54.055670 45.975649 46.449035
958 V 36.911286 63.639440 43.099876
959 I 66.432040 57.329970 9.402754
960 V 76.566199 5.426109 28.478009
961 V 93.340963 57.437063 38.756173
962 V 3.930463 6.616219 80.770426
963 I 34.419473 45.879923 62.772971
964 I 33.163890 22.284518 57.130730
965 I 96.809206 22.486923 80.975255
966 V 71.373889 58.596141 55.501519
967 V 50.213045 11.391847 53.822385
968 I 62.023313 45.880231 72.944113
969 V 14.744143 12.219366 27.441746
970 I 95.041199 91.657419 42.752984
971 I 16.155554 33.732113 42.094644
972 V 17.496357 36.269239 33.732048
973 V 15.590003 63.206059 81.419173
974 I 3.083071 72.524354 92.569281
975 V 77.024899 75.049856 27.478894
976 I 45.781626 42.669725 29.535267
977 V 62.420032 47.085667 12.478750
978 I 83.852133 40.995115 73.630847
979 I 89.221992 60.985552 1.656941
980 V 15.510712 95.806965 91.836049
981 V 54.767553 3.944613 0.837117
982 V 35.286339 10.783395 88.042413
983 I 67.889090 50.841848 93.624441
984 V 81.092021 3.212253 44.243306
985 V 6.889214 47.233037 50.289813
986 I 27.264939 61.695912 35.235638
987 V 81.097198 99.963519 58.630605
988 V 72.080349 34.692695 28.284325
989 V 85.473779 62.975398 90.155113
990 V 64.594737 35.821445 4.987654
991 I 1.708887 76.106456 98.220882
992 V 4.201292 3.441701 96.955424
993 V 56.699236 18.726462 2.953960
994 I 47.301510 83.304244 90.210503
995 I 17.808485 18.305187 14.291748
996 I 33.304156 70.107418 38.518287
997 V 28.059749 38.374015 81.761597
998 V 70.820447 81.647974 81.592321
999 I 43.772045 18.733409 46.848592
1000 V 37.560571 90.070899 18.452168
