1000
1 V 30.557318 65.488184 69.138515
2 I 35.505733 46.706561 44.904383
3 I 52.032261 37.031800 70.166958
4 I 25.782114 34.055213 77.041240
5 I 77.630190 79.576324 48.957628
6 I 1.453958 46.131662 17.397345
7 I 13.209202 81.317006 61.537326
8 V 85.730431 66.194984 57.200661
9 V 91.523460 83.453437 63.163970
10 I 81.796532 74.416961 74.085307
11 I 95.730026 40.171870 59.348786
12 I 63.281537 69.323355 58.614122
13 V 16.682131 72.176514 66.712433
14 V 40.123567 76.244935 54.749779
15 V 38.492241 58.380343 69.571331
16 V 47.922747 66.014712 54.018520
17 I 94.240787 23.772897 86.368383
18 I 34.545822 78.728549 62.675366
19 I 84.143291 19.194509 3.222776
20 I 10.557725 37.834424 72.171112
21 I 53.877854 46.253222 79.338316
22 I 89.924344 13.795770 43.764147
23 V 93.510239 6.415497 71.517099
24 I 37.408053 3.598688 75.296869
25 I 24.086769 8.975713 16.248681
26 V 29.817440 28.002093 89.374620
27 V 9.709086 30.762503 13.566320
28 V 78.629153 80.302365 47.720422
29 V 21.260127 79.855090 59.552499
30 I 92.442543 54.860520 71.478962
31 I 33.969056 60.919895 34.960758
32 V 60.774750 66.493627 4.274234
33 V 44.039626 96.342762 88.851467
34 V 38.566135 63.042780 41.131089
35 I 71.289204 64.250244 69.034800
36 V 11.884851 93.927656 14.066957
37 I 88.048094 91.454354 26.764461
38 V 93.285371 57.125274 39.102723
39 I 96.327793 78.517096 12.737913
40 V 88.516091 60.306087 83.103286
41 I 14.869362 90.425062 42.742960
42 I 71.951580 23.636166 99.455829
43 I 46.273159 30.971078 18.900519
44 V 18.471258 99.348477 49.150295
45 I 78.919108 93.784105 32.581856
46 I 20.288950 59.733218 24.209141
47 I 44.784607 40.933953 58.854789
48 V 46.495354 67.502050 11.877987
49 I 86.245383 24.858805 73.484141
50 V 38.457472 16.167009 20.107273
51 I 71.159514 68.778506 60.361276
52 I 40.586105 76.006493 60.950308
53 V 84.855656 78.513996 68.527816
54 I 95.280814 10.059842 98.548646
55 V 33.410809 90.304059 6.801491
56 V 10.623510 7.075415 16.949183
57 I 32.361152 75.427064 34.089697
58 I 11.842680 29.500150 13.430827
59 I 59.256227 17.234991 33.862462
60 V 15.298627 75.885389 4.224685
61 V 62.577306 11.638694 21.180921
62 V 83.002827 25.923473 59.290447
63 V 60.965117 48.975498 51.656151
64 V 0.732798 2.092101 40.981858
65 V 3.454209 64.529607 49.079443
66 V 68.729024 77.331278 39.627447
67 V 66.739682 19.266746 73.424885
68 V 22.805487 42.316345 22.841369
69 V 21.902933 30.594667 6.555025
70 I 11.805497 98.566597 51.908089
71 V 1.671672 67.544595 46.184969
72 I 90.900103 64.224474 64.132227
73 I 27.188612 13.114546 24.569058
74 I 23.596966 61.924991 13.292200
75 I 3.950922 22.644462 37.097579
76 I 66.670865 40.897783 36.958865
77 V 57.172335 20.336807 81.371689
78 I 98.436783 97.527861 97.102336
79 I 41.080857 87.267857 56.622023
80 I 18.932816 26.758559 97.225123
81 I 98.196363 81.975679 50.859489
82 I 8.444338 21.618331 1.281230
83 I 61.174827 62.115416 41.101295
84 V 48.795700 46.936919 74.525236
85 I 5.542087 37.483577 78.435373
86 V 37.446244 24.783498 76.938864
87 V 43.727330 47.645233 75.181770
88 I 78.521631 97.641627 81.972075
89 V 91.747744 58.416507 43.610741
90 V 67.826876 29.523696 78.033361
91 V 12.589800 50.555977 60.304334
92 V 26.729516 36.418029 48.424301
93 I 59.699348 22.235188 7.489782
94 V 5.591524 45.691763 76.245298
95 V 33.882582 0.744068 54.856095
96 I 8.185164 47.921853 8.745942
97 V 37.324936 87.243029 14.126221
98 I 0.289699 80.272457 21.926051
99 V 29.355170 84.125023 38.354177
100 I 0.014494 19.125677 59.197910
101 V 72.661335 32.958125 27.883936
102 V 86.044356 72.196196 18.192932
103 I 78.346367 91.451936 24.677215
104 V 45.732389 16.592781 93.193849
105 I 64.084069 26.528024 65.842539
106 V 90.876174 12.267940 52.857153
107 I 84.020088 54.800163 50.905174
108 I 63.019292 37.311342 38.274975
109 I 47.421316 1.338422 29.204929
110 I 9.421968 82.486374 68.497228
111 I 45.725080 42.883193 38.061941
112 V 25.749121 19.144343 45.854624
113 I 30.046900 81.410493 26.421994
114 V 83.918221 21.669477 49.775926
115 I 66.358523 55.610391 46.492350
116 I 39.723785 25.626148 53.144148
117 V 29.981852 93.964396 45.723960
118 I 64.458003 2.001887 99.134203
119 I 45.096018 86.086256 92.363840
120 V 16.183360 66.694009 30.485949
121 I 27.998407 26.222075 33.250360
122 V 90.056172 21.285179 86.456987
123 I 82.478102 56.940745 0.932367
124 V 4.387030 50.483667 55.380846
125 V 34.402180 25.064420 54.551535
126 V 36.320326 97.290481 38.346317
127 V 61.666229 5.425813 92.349314
128 V 15.774176 83.879697 32.780555
129 I 61.334286 40.349255 90.152814
130 V 6.001219 45.218397 1.425669
131 V 86.483142 96.977564 44.654486
132 I 24.490351 7.798350 16.040979
133 V 14.143666 89.229337 93.980102
134 I 5.975782 90.772273 94.255112
135 V 39.425824 31.573292 8.581243
136 I 65.279675 71.635458 9.378934
137 V 86.918962 62.212062 48.335022
138 V 92.392137 95.852811 20.406955
139 V 54.206338 6.814033 74.653387
140 I 54.159113 71.728429 71.807856
141 I 95.238970 74.511652 18.134480
142 I 50.961150 86.253376 39.568075
143 V 15.325272 10.725424 9.267170
144 V 31.853392 51.236220 23.798880
145 V 25.496284 26.310554 18.442339
146 V 6.323456 29.689803 24.369166
147 I 36.877354 27.861336 59.755847
148 I 37.956264 7.672538 65.199986
149 V 31.275432 28.665336 31.911375
150 V 88.406983 95.382059 56.491052
151 I 18.057347 6.409104 70.356325
152 I 38.533936 51.810991 99.528737
153 V 50.487932 2.514998 39.911188
154 V 56.581166 64.953541 69.149220
155 I 62.490718 24.771223 95.698163
156 I 45.092368 21.514692 64.276013
157 I 53.248749 94.688996 63.453868
158 V 44.520753 98.522643 79.358872
159 I 20.344440 5.348243 55.309982
160 I 37.567686 93.561140 16.658492
161 V 57.035643 79.117763 50.728323
162 I 77.760378 46.831305 48.056376
163 V 7.356342 61.843052 75.573999
164 I 63.402345 17.074391 65.856411
165 I 36.562760 59.681128 26.532680
166 I 7.064875 66.993239 40.884530
167 I 25.630702 1.804057 28.743919
168 I 74.036755 50.848124 1.989096
169 I 83.239429 21.855861 19.499336
170 V 87.098167 54.119604 13.710010
171 I 80.613118 97.080559 37.903616
172 V 23.066160 78.439355 60.614886
173 I 57.357986 83.273169 66.259079
174 I 86.965008 92.107925 66.309691
175 V 40.397460 83.751154 35.416487
176 V 9.008159 27.971742 6.381968
177 I 30.929035 50.726621 35.082655
178 I 15.461417 41.197054 99.256520
179 I 39.503777 19.701275 15.220855
180 V 12.009375 80.770272 33.932526
181 I 49.993313 11.051550 60.388565
182 V 41.523701 60.393118 12.105462
183 V 42.426473 43.429607 46.298043
184 I 98.752981 61.995167 16.619432
185 I 10.789954 0.886633 84.195314
186 I 1.513046 66.031352 44.175302
187 I 55.549951 41.475799 9.059116
188 I 20.711401 42.352840 31.822256
189 I 81.219679 82.786446 19.947200
190 I 42.213818 90.689677 6.992369
191 I 68.241128 52.534533 93.786133
192 I 98.861403 73.572478 91.742705
193 I 20.042615 62.837217 64.604530
194 I 13.818485 41.152903 80.641333
195 I 52.575634 51.335321 87.141913
196 I 29.950397 36.439494 77.350822
197 V 66.814480 5.976762 25.010876
198 I 94.010060 21.490871 35.441921
199 V 44.120543 31.310991 91.852326
200 V 28.983133 54.163139 32.926021
201 V 81.699583 8.704135 62.422878
202 I 80.543491 9.190550 1.041467
203 I 70.276275 74.125845 83.672678
204 I 94.009065 28.652609 66.900736
205 V 50.562933 38.848438 39.914623
206 I 10.941134 42.458057 18.541101
207 V 35.106503 91.742875 41.155561
208 V 92.184035 11.408681 74.660518
209 V 8.989143 24.824964 17.254934
210 V 89.897676 79.726760 69.838330
211 V 78.675553 31.087798 86.511200
212 I 10.812061 90.286893 92.087886
213 I 87.859984 72.125283 45.592476
214 V 59.995555 73.089993 54.800720
215 I 90.730321 91.485063 83.119873
216 I 97.876751 16.964841 56.801527
217 I 71.537441 67.149038 2.001553
218 V 70.602412 36.507349 95.088599
219 V 58.281151 73.870479 29.675278
220 V 84.859882 18.391436 10.253449
221 V 24.096814 40.164964 64.640058
222 V 86.267060 65.575793 82.086012
223 I 66.333770 1.874692 34.310232
224 V 21.915136 84.418822 76.792907
225 V 74.913234 12.301609 69.884938
226 I 73.637339 18.161936 83.049790
227 I 85.818984 30.739287 20.104885
228 V 17.461864 96.929599 21.501003
229 V 47.007887 78.237867 37.988294
230 V 88.188840 13.851027 95.110891
231 V 96.212974 63.872414 45.212732
232 V 97.609132 73.391826 60.118493
233 V 85.388238 75.335592 90.157491
234 I 1.866417 40.896273 5.076097
235 I 99.064620 0.634818 3.537187
236 V 66.225269 24.880896 39.132263
237 I 15.448582 55.006398 88.321243
238 V 57.611423 26.104701 95.795786
239 V 24.682391 69.157722 86.014257
240 I 55.746274 50.992579 26.392434
241 V 18.095592 91.845384 11.309234
242 I 91.998767 6.745352 93.031086
243 I 45.525485 16.467270 60.676001
244 V 95.601429 4.126933 36.336081
245 V 93.237377 79.432662 74.397183
246 I 39.140806 84.223193 92.977273
247 I 3.920453 45.748982 16.766807
248 V 62.154671 44.117922 37.853059
249 V 20.521353 31.134532 15.787427
250 I 42.406494 97.880560 76.431370
251 V 29.476073 24.540826 19.132663
252 I 7.899164 0.841473 36.546809
253 I 37.969773 69.058174 76.959448
254 I 16.817723 94.903774 64.396969
255 V 86.080000 37.568662 20.963302
256 V 60.842737 66.448123 56.041891
257 I 50.367912 31.140723 35.510105
258 I 25.930058 60.183051 56.465947
259 I 82.934760 16.151097 13.257830
260 V 13.562002 22.520864 51.825746
261 V 6.876891 90.164846 40.711285
262 V 48.566497 93.527098 69.433747
263 V 61.760609 26.217143 88.149380
264 V 58.430129 93.370694 47.987102
265 I 58.664177 31.030259 25.687472
266 V 43.195347 59.262992 33.089561
267 V 63.925275 3.695237 64.120076
268 I 61.538534 93.978283 57.500990
269 I 35.410807 40.350720 53.469567
270 V 45.798737 58.981153 80.284021
271 V 76.739486 59.935429 79.463675
272 I 40.649695 57.378467 30.537079
273 I 94.889054 42.012037 77.277302
274 V 9.937564 73.604953 50.229814
275 I 52.384128 5.743529 83.239488
276 V 49.862368 31.974250 89.323086
277 V 61.010857 31.753448 58.281724
278 I 18.151986 29.642590 69.542160
279 V 65.043550 29.772782 25.266158
280 I 9.231313 50.495271 15.593560
281 I 5.117218 65.376005 43.843353
282 V 65.630723 41.888926 92.345456
283 I 74.017892 34.222519 27.637657
284 I 12.315166 44.228672 95.403988
285 V 41.201740 51.826859 0.515976
286 V 5.728761 68.959693 87.597515
287 I 42.860066 67.854695 55.414848
288 I 8.320537 28.545019 45.504357
289 I 2.132264 18.974733 0.351877
290 V 28.498794 64.879327 14.482754
291 I 72.593416 61.718232 34.166543
292 I 63.378431 25.383720 72.788745
293 I 87.490978 80.235126 56.674876
294 V 5.598581 95.660201 78.446064
295 I 68.934839 75.213774 42.723701
296 I 29.450373 79.544411 89.965076
297 V 83.236744 59.064881 9.707625
298 I 5.012849 81.320351 31.595886
299 V 88.290751 27.017959 96.265682
300 I 80.091085 46.049647 10.370999
301 V 30.288918 66.777072 62.826813
302 V 66.387538 65.368396 53.595682
303 I 79.437565 52.239824 5.815960
304 V 34.817075 36.792337 91.086038
305 I 41.345392 46.034447 69.470454
306 I 40.339560 96.233429 67.946523
307 V 29.677240 35.526383 49.391367
308 I 62.360988 64.688650 51.111703
309 V 56.900882 64.101487 55.260367
310 I 69.851682 41.628397 9.111474
311 V 12.780320 70.683503 28.218920
312 V 59.638844 52.686143 20.148200
313 I 82.956171 1.004859 14.933745
314 V 38.082448 32.621297 33.211834
315 V 93.569738 79.047541 38.133020
316 V 11.790886 11.594980 37.282137
317 V 3.020351 2.931226 37.775628
318 V 50.130452 48.092591 15.697591
319 I 90.447474 19.453846 11.817284
320 I 13.212779 97.042444 37.908972
321 V 53.107030 19.691064 10.058936
322 I 8.521849 40.497819 18.109459
323 V 49.359551 65.810683 26.786597
324 I 47.367870 78.834012 94.556496
325 V 2.780968 32.036092 35.975203
326 I 40.375802 52.858594 48.739984
327 I 91.767258 86.141062 45.878105
328 V 86.463888 84.259774 49.916713
329 I 84.924608 54.275653 77.618906
330 V 30.451641 13.777077 20.844336
331 I 65.135312 32.302079 41.389381
332 I 55.537358 24.061432 73.253161
333 I 39.180981 14.984829 28.296190
334 I 33.748922 87.792853 23.248140
335 I 27.363878 29.555305 23.033734
336 I 41.961618 83.189463 95.071667
337 I 45.683139 87.928957 72.224335
338 V 82.926445 24.444500 60.002831
339 V 60.260852 75.815190 59.272032
340 V 2.988642 31.790993 0.215594
341 V 51.379051 59.428931 84.215849
342 V 50.269245 6.458587 4.929181
343 V 59.953437 86.421468 70.369038
344 I 6.141517 74.987399 62.254986
345 I 95.590374 7.250467 90.528433
346 I 67.875522 56.902557 38.580028
347 V 55.176141 75.669072 63.619492
348 I 45.450114 79.919334 36.418552
349 V 43.940960 86.004642 44.940811
350 V 92.043888 99.433754 41.500298
351 I 38.459226 45.892797 35.953073
352 V 42.876239 3.626319 85.391093
353 V 77.132739 77.371377 53.907570
354 I 18.697821 79.201133 65.584952
355 V 23.201168 88.720199 64.036396
356 V 42.071025 78.284669 1.316185
357 V 33.400096 38.877165 56.777156
358 I 1.834873 62.107605 59.117930
359 V 75.678042 59.518538 20.569886
360 I 85.816102 97.737796 14.795361
361 V 65.437334 40.337056 20.659100
362 I 48.795867 75.375156 66.795614
363 V 72.534071 18.162299 29.152452
364 V 49.820700 44.336764 52.798765
365 I 54.316356 45.238880 75.266458
366 I 71.440013 85.035795 35.426878
367 I 29.875332 63.115423 32.773229
368 I 66.350836 15.878963 89.440969
369 I 99.078038 25.526742 51.724250
370 I 74.996487 67.671714 79.489017
371 I 42.465785 61.214190 65.908753
372 I 85.617987 89.484641 17.542560
373 V 38.835019 7.587550 74.727232
374 I 77.694055 89.696069 61.152832
375 V 3.840528 64.042049 46.524388
376 I 1.555533 98.895394 64.273957
377 V 49.843252 16.477383 91.532548
378 I 81.780204 91.180530 27.830324
379 V 81.156262 39.265431 10.034857
380 V 93.958743 98.971492 62.970674
381 I 93.544616 41.836739 10.469959
382 I 55.283845 44.088003 22.112830
383 I 70.270632 87.047954 55.470207
384 V 28.554748 18.911668 66.643868
385 I 38.002941 13.652427 33.338363
386 V 70.256601 47.079163 11.885944
387 I 93.908608 27.206374 37.010283
388 I 48.896092 78.000068 44.523049
389 I 93.387020 32.610780 20.566463
390 I 20.436656 43.933489 77.224973
391 V 30.662933 50.646902 77.054894
392 I 60.864412 12.508943 11.306502
393 V 81.230322 2.485926 79.904429
394 V 41.891866 31.548839 79.783019
395 V 5.212855 26.211205 28.999070
396 I 39.095692 61.983852 98.204193
397 I 8.795756 12.339537 1.122616
398 V 29.845064 5.325894 82.303242
399 V 14.057596 95.508159 13.935073
400 V 28.877423 42.981113 9.182026
401 V 29.559544 84.666526 85.254914
402 V 37.500782 23.770417 31.576403
403 V 48.359699 19.649482 57.306988
404 I 61.000200 83.372131 96.615940
405 I 54.801016 48.465188 11.851194
406 V 49.537904 62.315904 51.594140
407 V 85.138950 62.809172 54.789706
408 V 77.680140 52.952106 52.683577
409 V 92.932247 16.150177 5.470679
410 V 34.777914 13.739528 61.044731
411 I 70.496196 88.307554 35.927663
412 V 51.770392 40.162441 23.020018
413 I 28.119578 68.005512 23.816848
414 V 24.494498 33.853556 7.921249
415 V 90.549376 38.919419 69.338997
416 I 82.997086 20.370823 69.984109
417 I 28.231803 98.904239 51.524017
418 I 74.164870 94.042070 39.901837
419 V 9.776440 20.262043 88.753997
420 I 93.894710 68.663678 85.514542
421 I 97.405039 77.134745 86.260529
422 V 0.695283 74.386467 56.492223
423 V 54.867916 12.833324 82.561029
424 I 23.740749 1.679861 81.127296
425 V 37.642793 67.109713 12.659644
426 V 52.020387 71.895644 8.863949
427 V 20.348071 91.882303 82.148276
428 V 67.231658 84.522844 45.022985
429 I 16.344912 69.868079 84.297250
430 V 71.494446 97.478972 61.466762
431 I 52.082543 64.974873 39.976051
432 I 44.986639 11.475125 54.736188
433 I 24.577500 92.826599 29.109739
434 I 1.654724 57.051655 18.258704
435 I 96.740575 82.522062 15.666216
436 V 60.774289 97.732541 77.836911
437 I 96.211081 27.388308 6.760000
438 I 51.286547 62.420517 53.378136
439 V 77.610974 42.774382 8.955224
440 I 40.606976 89.568555 69.779541
441 V 26.655428 24.658105 23.247554
442 I 66.505633 50.073473 76.574515
443 V 79.200126 96.805493 28.553434
444 I 21.760340 56.645060 36.871739
445 I 71.118881 54.431098 73.068364
446 I 29.282733 48.079076 57.074440
447 I 63.608412 2.978578 40.934765
448 V 57.218949 0.236702 75.959321
449 V 70.089853 63.764840 63.788074
450 V 77.224534 23.449693 85.954335
451 I 72.947950 14.063780 12.546848
452 I 66.683244 61.960409 73.940941
453 V 46.625359 22.409644 18.151016
454 V 92.882085 88.818848 51.947273
455 V 59.149002 37.636589 99.558806
456 V 87.523000 35.358481 72.223436
457 I 60.086646 29.364715 91.630105
458 I 64.471484 80.849669 73.771060
459 V 55.820194 88.043522 48.748059
460 V 6.228397 19.907444 74.592268
461 I 90.188530 36.190304 8.949594
462 V 66.874587 65.015224 93.960997
463 V 0.767382 51.018372 52.272653
464 V 33.464970 70.223610 31.826427
465 I 49.646303 84.060682 61.435603
466 V 11.484717 11.765111 66.174355
467 V 1.628174 64.413638 26.747862
468 I 52.116882 83.648029 52.430690
469 V 24.592243 71.137569 0.320551
470 V 16.800184 53.924963 11.806076
471 V 52.778957 9.073500 36.238800
472 I 24.279496 40.460567 41.272068
473 I 6.594836 53.377300 34.896808
474 V 1.009869 83.915007 52.936208
475 I 1.919306 64.416145 57.051971
476 V 44.335195 71.094734 24.636907
477 I 33.867278 86.467698 87.893885
478 I 22.325846 81.816254 85.040314
479 I 93.301713 35.155600 16.326646
480 V 46.522245 48.874119 73.243827
481 I 54.711934 34.511545 48.879577
482 V 71.179099 34.302570 66.606399
483 I 52.955480 12.322721 61.173598
484 V 44.342898 14.338814 31.362799
485 V 33.115606 55.463538 26.063685
486 I 17.287137 83.973837 78.167106
487 V 12.752029 79.346807 64.800642
488 I 90.190343 32.355138 78.936466
489 V 46.578524 44.492358 87.883256
490 I 96.793013 4.150328 93.999754
491 V 68.220138 64.847506 39.150507
492 I 58.893744 70.085894 63.408785
493 I 79.361940 15.672719 93.288062
494 I 82.775349 81.150985 93.752758
495 I 73.187417 91.329456 68.674464
496 I 64.768350 96.806749 63.399106
497 I 39.394232 27.652442 70.741840
498 V 85.971972 1.922230 83.682331
499 I 73.288677 70.559630 6.483291
500 V 9.500550 83.940896 39.161499
501 I 41.172398 97.880879 52.260713
502 V 9.486830 60.762991 92.383801
503 V 63.417393 65.930506 31.625496
504 I 12.432894 7.836778 75.715940
505 I 57.575801 37.472485 34.164911
506 V 87.084718 99.902118 0.707248
507 V 93.074543 9.957189 46.688880
508 I 37.216423 82.269619 13.485385
509 V 48.554322 21.184544 35.651964
510 I 66.899086 97.613212 40.502036
511 V 81.821362 12.556734 18.223225
512 I 76.317910 16.326202 31.631770
513 V 73.324248 3.598050 46.960294
514 V 4.016769 77.604010 7.062367
515 I 81.830493 17.503406 32.739135
516 V 70.970087 49.147043 91.617942
517 V 11.247292 17.698123 50.363806
518 V 22.934876 16.855802 12.458833
519 I 92.167875 18.400711 0.887641
520 V 63.976019 32.711449 73.096123
521 I 22.079892 99.648256 92.718667
522 I 86.124860 38.183724 59.632173
523 I 86.916845 61.993585 72.536632
524 V 17.923845 41.765969 22.043801
525 I 28.049230 9.539238 84.888524
526 I 24.513716 99.546762 11.473248
527 I 8.591820 67.248899 63.762123
528 V 57.371976 4.361756 88.717770
529 I 53.165520 59.690221 55.812266
530 I 23.863690 4.488627 9.178663
531 V 72.311056 47.460733 17.500950
532 V 22.161467 24.952254 59.671348
533 I 51.582809 40.092122 5.684389
534 I 51.359603 45.058221 87.753991
535 V 33.182516 66.799337 74.763692
536 I 74.943327 72.846571 58.957028
537 I 8.674198 60.582651 11.872115
538 I 95.954138 77.871711 7.321771
539 I 53.157408 97.757083 86.371756
540 I 11.805482 17.867731 21.542292
541 I 33.449504 52.498197 44.137707
542 V 71.705254 89.677127 42.101005
543 I 42.496797 33.271189 1.129904
544 V 59.945488 70.079299 7.229117
545 V 95.818677 44.213880 27.694277
546 V 44.175562 37.202108 90.312285
547 I 88.133418 45.615346 79.126065
548 I 64.479989 90.917573 89.490047
549 I 61.158010 41.480729 65.270754
550 V 45.030352 82.741769 13.907648
551 V 77.445869 6.798609 84.650912
552 V 31.456568 35.793220 90.250862
553 I 26.483528 41.038562 27.423794
554 I 8.012406 73.532243 29.182972
555 V 8.144981 45.680091 15.851942
556 I 17.463278 42.017644 9.654351
557 I 64.158796 34.308046 74.033543
558 V 73.765581 21.470231 32.935596
559 I 99.400967 32.551475 87.627898
560 I 8.768314 77.082470 94.021921
561 V 31.735506 51.019840 77.886345
562 I 3.131583 39.776912 45.595905
563 V 92.587013 11.981299 84.669788
564 V 44.168147 74.398765 34.544016
565 V 43.390638 98.991067 66.666968
566 V 55.915126 64.411502 75.462313
567 V 22.444765 77.547336 69.845982
568 I 34.298728 53.911634 47.362010
569 I 79.203257 52.267620 59.050920
570 V 36.475555 77.974656 52.950918
571 V 71.854165 79.170016 99.936317
572 I 17.204492 91.453070 19.268966
573 I 96.055393 0.295584 47.813350
574 I 23.065409 93.364919 55.130947
575 I 64.113403 36.286332 56.055604
576 V 30.164100 72.985682 52.780009
577 I 42.464496 3.151088 53.150991
578 V 74.219325 91.679718 47.194332
579 I 96.491236 31.997370 45.098808
580 V 83.957481 35.022137 78.651592
581 I 59.021341 1.490856 24.083551
582 V 86.730379 49.909516 62.357976
583 I 38.167010 1.489509 76.237800
584 V 84.483174 74.322315 88.847857
585 V 97.045278 67.002031 0.313093
586 V 4.896886 84.426231 2.672302
587 V 47.068829 72.640857 97.000426
588 V 95.730785 36.238699 99.432903
589 I 39.628991 30.094362 34.451880
590 I 63.005106 6.874981 33.366501
591 V 40.239494 20.168714 3.479252
592 I 6.272921 76.865722 43.184680
593 I 26.432477 9.979233 27.063707
594 I 77.230538 41.543812 79.687687
595 V 2.750323 98.980920 38.272550
596 V 78.948129 70.176033 69.822063
597 V 37.046945 60.817292 41.632369
598 I 70.792191 57.315936 62.698635
599 V 19.344163 73.986649 33.825214
600 I 27.179554 0.605886 90.921741
601 V 25.448345 97.813574 42.105010
602 I 39.439680 70.072841 21.168678
603 I 64.576959 30.740814 8.277360
604 I 55.124513 51.097333 38.193237
605 V 46.800214 38.584655 55.870695
606 I 4.629660 48.962871 7.847105
607 V 95.154641 9.504418 59.965349
608 I 10.001285 35.998115 6.771551
609 I 89.817414 45.158731 42.039907
610 V 59.502752 76.564625 93.179001
611 I 97.244246 13.573917 88.280326
612 V 9.292170 92.665111 59.215490
613 I 86.233448 42.827615 45.909601
614 I 64.469436 73.405612 64.103668
615 I 18.415384 43.484149 87.233842
616 I 72.361993 59.532659 86.423031
617 I 50.067283 31.485940 78.728347
618 I 21.772333 68.558337 10.895821
619 I 2.891971 56.681775 96.028088
620 V 29.872409 25.213361 58.248241
621 I 27.438282 74.582187 49.754831
622 I 79.386555 69.059207 41.114628
623 I 89.079063 50.057524 92.184968
624 V 49.524880 93.219161 95.047371
625 I 50.412167 4.663904 5.744161
626 I 33.079044 22.268903 39.963086
627 V 44.651759 4.025057 12.452995
628 V 28.002403 61.515247 17.097367
629 I 31.048808 49.391273 86.578066
630 I 23.807483 70.993509 73.058722
631 V 20.332882 27.317979 54.752113
632 I 30.320777 62.884573 59.333339
633 V 85.215403 56.302597 31.354817
634 V 9.891862 70.262479 43.528173
635 I 95.355575 69.244058 95.121953
636 I 11.760678 88.765307 23.066946
637 V 53.780099 77.646052 14.700750
638 I 22.140434 34.702902 15.497513
639 V 78.659623 26.959101 91.408080
640 I 60.584660 15.066901 79.609387
641 I 42.795472 16.055765 7.128449
642 I 34.843904 13.397920 75.151491
643 V 66.367936 11.667279 77.462765
644 I 61.116548 11.567748 30.195312
645 V 33.886742 96.050027 53.381789
646 V 53.891100 59.265689 4.811271
647 I 12.629559 26.906783 48.434579
648 I 56.224548 2.172378 7.943983
649 V 94.457155 59.252117 68.308021
650 I 92.888364 21.690988 73.727825
651 I 48.999709 48.908832 9.122606
652 I 32.496783 42.473683 0.929005
653 I 65.896898 1.207312 26.039231
654 V 54.651312 86.462419 54.208197
655 I 21.785821 66.405445 12.674119
656 V 37.098905 39.356436 13.546656
657 V 27.022030 38.433212 8.899078
658 V 0.104183 75.084961 94.559145
659 V 63.557585 31.339631 37.362142
660 V 87.817838 33.770968 98.839866
661 I 70.589981 79.899621 86.187020
662 I 61.257581 6.484055 91.882723
663 V 37.383315 21.647042 68.739628
664 V 89.232953 86.016800 41.665829
665 V 44.520802 13.978017 83.225182
666 V 97.555372 20.584733 79.489360
667 V 62.130724 60.896606 75.835171
668 V 98.808079 56.785353 28.406872
669 I 67.736548 34.802625 80.719594
670 V 57.403127 78.270700 90.030967
671 V 18.242558 85.137298 86.443491
672 V 40.186917 99.357812 12.137097
673 V 31.203192 11.265186 42.800216
674 V 69.929383 58.043416 75.317761
675 I 95.292728 92.295562 65.231478
676 I 21.269225 37.575457 51.928064
677 V 5.938185 9.100446 42.735556
678 I 52.746754 41.319399 87.651303
679 I 84.813920 16.301208 70.734600
680 I 27.003523 52.621229 45.735398
681 V 34.170595 31.505212 89.242385
682 I 47.229627 89.711410 83.223562
683 I 93.371337 89.654372 41.624903
684 V 77.854175 6.963086 91.729782
685 V 36.071126 81.072482 93.506402
686 V 45.341005 31.791670 50.954401
687 V 97.121470 85.199645 65.831203
688 V 83.669071 32.191676 77.927578
689 V 97.753356 3.740669 69.671612
690 V 8.323265 85.223610 90.072941
691 I 71.750782 47.670561 22.000660
692 I 70.669401 46.208815 50.322801
693 V 92.953847 83.565055 93.182717
694 I 45.470127 67.362504 76.481370
695 V 89.549761 32.889979 80.432604
696 I 95.839181 80.756763 60.849957
697 V 57.010355 97.821062 1.503907
698 V 82.769771 73.525428 24.224401
699 I 22.553295 28.054757 95.208731
700 I 35.331635 79.818882 85.590031
701 I 78.223272 84.232659 91.658395
702 V 23.731269 11.907262 4.119053
703 I 80.146063 19.240378 45.987336
704 V 17.832216 75.769380 47.112743
705 V 79.585284 44.066050 0.997655
706 I 40.462840 20.518751 7.532142
707 V 47.879890 32.292083 36.043776
708 I 60.052383 73.899301 39.903564
709 V 20.800144 24.395842 13.804772
710 V 65.141342 7.712956 54.559684
711 V 27.247277 70.667189 50.980614
712 V 59.879277 36.501335 42.709277
713 V 9.756246 11.341050 86.643533
714 I 64.606957 63.167975 65.037766
715 I 1.087075 90.586728 76.569187
716 I 4.451021 85.328559 57.977495
717 V 54.935957 40.249130 58.197153
718 I 62.418232 16.240038 10.486711
719 V 57.865618 49.624186 8.426387
720 I 30.546961 90.514405 1.025157
721 I 70.214353 53.572964 94.056881
722 I 35.885111 40.458292 52.983625
723 I 14.872696 93.951267 61.198528
724 I 80.351020 37.761648 11.509414
725 I 8.585472 77.802761 6.327566
726 I 34.002583 67.772846 35.872136
727 I 44.314199 24.205835 59.050584
728 I 28.220566 17.613202 97.196147
729 V 95.749791 54.440013 51.905926
730 V 43.553489 90.316769 5.415598
731 V 83.933492 64.135760 44.741921
732 V 57.501876 93.623533 91.618481
733 V 58.665200 74.426756 77.300452
734 I 87.056020 48.149552 52.681081
735 I 7.777796 99.857226 60.532783
736 I 90.602397 90.618343 13.155295
737 I 95.577225 44.214313 84.338742
738 V 67.134642 43.009769 73.007154
739 V 84.370753 30.472833 54.178244
740 V 62.166216 95.710196 91.081311
741 I 90.624633 1.538566 65.995500
742 V 93.249621 59.059676 51.328510
743 V 29.300127 32.206158 58.627936
744 I 80.749421 62.125686 3.991540
745 V 26.686639 6.701428 53.781584
746 V 58.212846 92.485145 76.972176
747 I 76.203141 32.946784 26.725367
748 V 87.477605 97.700311 28.955698
749 V 63.783525 69.473274 70.376100
750 I 22.046254 51.223617 62.763217
751 I 59.069572 90.007838 50.069154
752 V 8.614239 97.608726 28.041511
753 V 32.325616 42.199524 38.551362
754 I 75.673126 30.546923 39.697401
755 I 68.335251 66.397582 92.251010
756 V 25.018211 6.363541 73.127130
757 I 58.514264 31.519010 80.236957
758 V 50.326069 54.211233 75.866592
759 I 49.447928 75.650698 15.271077
760 I 99.252413 41.754573 17.232993
761 I 21.533009 90.927580 92.180366
762 V 74.930089 16.654658 27.012344
763 V 92.727924 78.265689 4.659065
764 I 32.279458 72.866721 7.614304
765 V 79.926505 1.077194 31.505893
766 V 54.476855 10.429286 6.409765
767 V 83.022357 50.020460 69.899202
768 V 58.787380 77.352476 35.033559
769 V 49.215852 81.677489 78.503036
770 V 9.746246 32.223754 5.479109
771 I 12.484416 8.057383 13.400124
772 I 3.057838 69.408796 42.159447
773 V 78.937420 69.320378 67.852788
774 V 13.299957 63.150212 48.380013
775 V 38.002609 61.424300 27.620119
776 V 47.390352 57.791471 40.799993
777 I 88.928151 28.628836 67.935539
778 I 83.207634 72.725405 75.537665
779 V 73.541900 65.749593 89.894903
780 V 37.697106 69.726417 22.362142
781 V 94.695941 52.592474 86.327256
782 I 99.580966 62.736600 26.844100
783 I 66.346593 57.075185 80.858532
784 V 90.573750 25.479216 0.221612
785 V 30.158426 76.068090 90.247772
786 V 89.676053 19.154202 92.667812
787 I 47.954921 61.312384 38.473088
788 I 63.383891 43.484307 52.675609
789 I 14.122130 24.377845 33.519101
790 V 45.999976 63.734002 24.051306
791 I 59.660455 94.279171 21.478591
792 I 62.851180 33.682770 79.837174
793 I 52.733496 90.572742 70.383289
794 V 24.864281 14.463319 22.327421
795 I 72.818835 42.107360 84.621186
796 I 80.311583 76.318801 36.600725
797 I 72.191037 32.431243 2.971669
798 I 23.946578 96.933657 24.849141
799 V 15.235709 45.124986 83.470663
800 V 82.261437 80.056203 97.538199
801 I 40.992579 62.060374 15.792143
802 I 55.359373 95.791768 33.596565
803 V 68.609239 15.102533 8.859557
804 I 39.153769 19.058054 2.479410
805 I 19.100288 61.957886 86.472139
806 I 81.392123 28.263372 28.459033
807 I 0.064942 2.040996 98.768640
808 I 98.395708 30.696876 91.112647
809 V 85.037493 91.751898 7.524739
810 V 14.871904 85.660730 51.535566
811 V 98.792366 70.247911 87.493639
812 V 81.635520 16.187986 72.577087
813 V 8.013511 44.304589 26.212944
814 V 98.139861 69.474786 91.970687
815 I 16.140739 75.909392 42.743521
816 I 85.379673 36.476389 92.071939
817 V 52.786351 48.785031 94.053886
818 V 64.041610 86.377049 12.386531
819 V 64.962835 48.546964 87.226095
820 I 48.846790 35.417291 86.081289
821 V 76.762112 24.063432 98.863359
822 V 15.154392 3.358217 27.321748
823 I 57.906055 48.647162 28.232978
824 V 57.046171 42.840066 4.410613
825 V 93.168241 91.181195 0.365899
826 V 8.267198 70.030532 93.476257
827 V 75.980551 28.167337 49.625360
828 V 20.086339 92.869188 57.812826
829 V 26.395624 9.151939 69.471800
830 V 45.100188 81.242410 2.028615
831 I 73.326734 69.066425 3.730821
832 I 8.464299 29.918475 0.588183
833 I 90.364220 52.343281 81.049059
834 I 94.081019 7.046260 85.072381
835 I 30.815805 66.298161 47.497737
836 I 20.173053 4.947024 59.192842
837 I 69.982894 3.652126 63.364476
838 I 80.635700 49.546577 56.461128
839 V 49.840664 96.668371 47.591221
840 V 65.623467 59.510648 4.710820
841 V 60.377432 32.747576 97.562246
842 I 93.048458 4.760254 85.012382
843 V 91.236032 49.474790 35.037524
844 V 2.464793 46.119975 76.300239
845 V 34.235187 72.949492 38.052248
846 V 91.425175 4.327994 6.232226
847 V 65.890102 10.186504 8.076371
848 V 38.462268 38.116716 9.938656
849 V 61.131724 71.688569 47.620789
850 I 17.416358 91.215066 98.664876
851 I 45.911919 59.940122 71.013079
852 I 67.053081 67.921820 25.102838
853 I 40.071833 80.679593 49.884590
854 V 79.669108 92.372063 92.039818
855 V 65.776438 35.879573 80.001594
856 V 20.586558 85.351076 17.720843
857 I 77.278060 18.289977 6.274291
858 V 73.293776 12.781440 85.222664
859 I 96.408435 71.972125 71.066249
860 V 85.225308 82.375380 49.484461
861 I 35.829658 71.450638 68.710326
862 I 12.247638 36.984209 20.862415
863 V 61.757318 56.524046 98.806078
864 V 47.895925 54.248646 60.604044
865 V 15.898438 80.260118 91.896230
866 V 71.788244 22.573261 41.110383
867 V 36.554123 64.482808 80.373280
868 V 83.283714 81.842768 42.145877
869 I 96.833850 56.798877 63.493535
870 I 15.381738 49.178016 58.364080
871 I 90.873580 89.101460 43.851355
872 V 74.807113 71.357933 53.331793
873 V 45.367875 41.352845 5.101959
874 V 22.054005 48.929307 77.195203
875 V 65.981504 58.965904 60.086207
876 V 1.124850 73.546718 46.382794
877 V 97.760430 33.478178 15.294432
878 I 83.076702 71.178481 87.943953
879 I 61.485193 17.323848 88.136005
880 I 74.395819 80.670170 32.631874
881 V 7.337144 96.873358 17.601137
882 I 39.665020 20.045614 15.622807
883 V 61.985468 25.065475 26.230018
884 V 73.701350 45.467778 76.734756
885 I 93.275619 17.237007 37.691364
886 I 77.553152 83.226394 64.534709
887 V 63.017148 89.612590 20.230532
888 I 71.367414 55.394440 17.631984
889 V 57.014279 41.421435 27.676322
890 I 14.816478 7.761219 52.625278
891 V 39.075455 78.880357 15.440984
892 V 25.761840 69.986209 98.066185
893 I 44.660525 14.177666 61.628790
894 V 71.332162 89.963105 1.689741
895 I 53.643693 10.487246 41.346179
896 I 53.702852 30.536394 35.104267
897 V 43.675584 13.724845 41.234732
898 V 28.383888 50.804772 35.763721
899 V 76.981752 95.417569 70.939873
900 I 62.586398 19.261754 46.855684
901 V 13.584232 63.356293 24.367713
902 V 98.872206 87.536442 10.252715
903 V 46.429570 14.621442 9.702200
904 I 96.750710 42.663084 35.230795
905 V 34.727898 23.756602 99.954214
906 V 46.952482 53.526348 55.385460
907 I 40.936001 59.300208 95.693463
908 I 74.029329 73.829948 77.759981
909 I 39.777554 37.076597 80.666926
910 V 33.543625 83.067435 71.044567
911 V 3.137196 95.441070 90.929146
912 V 40.956720 26.765137 25.249743
913 V 47.894651 46.260940 44.134125
914 V 29.452417 10.159641 56.335809
915 I 59.331568 22.462940 66.124492
916 V 37.481941 22.296064 81.593407
917 I 93.333116 70.523587 87.953443
918 V 94.769151 71.006935 31.167867
919 I 75.441845 98.512068 57.649350
920 V 55.967954 51.525833 38.420613
921 I 26.376525 70.593033 47.058146
922 V 85.563919 24.288355 78.571820
923 V 49.248279 70.386864 12.691893
924 V 0.226299 79.870260 8.750178
925 I 16.691300 56.072678 10.956368
926 V 10.555193 32.062795 6.983487
927 I 35.425023 76.095471 43.117842
928 V 8.838422 88.160680 85.604494
929 V 18.273861 30.412418 59.035892
930 I 60.585396 84.057528 62.922887
931 I 47.684785 79.856588 43.508525
932 V 13.126989 53.608028 42.808528
933 V 78.752210 34.996498 68.709214
934 I 16.061988 24.601859 87.928278
935 V 54.733791 40.393710 40.265650
936 I 57.618135 72.498324 2.641084
937 I 89.602711 66.439238 39.368792
938 I 28.429494 95.932191 70.948956
939 I 60.730252 55.835391 29.074351
940 V 80.944691 55.699173 21.991456
941 V 63.131499 78.286226 54.313703
942 V 65.815671 4.552106 63.864085
943 V 77.694800 49.631884 83.814754
944 V 3.185322 74.909733 55.933455
945 V 6.772474 79.498210 60.371185
946 I 86.500252 9.336490 81.852576
947 V 17.457124 55.000552 87.782130
948 I 39.188625 28.465676 85.645867
949 V 71.306855 79.482789 48.113150
950 V 9.787168 34.060436 31.535603
951 I 99.810913 93.911332 68.460484
952 I 38.973737 33.896368 47.947107
953 V 62.799372 22.081961 17.883130
954 I 45.886329 53.051695 90.731492
955 V 64.558432 68.275630 17.746860
956 V 36.101319 11.555934 58.336178
957 V 40.391944 74.389724 76.099114
958 V 22.272198 87.152471 29.587304
959 V 0.537055 26.952099 96.780569
960 V 33.840630 16.184167 75.966726
961 I 40.965812 46.850848 34.655272
962 I 67.822738 39.628065 85.483278
963 I 3.111759 37.058717 24.665900
964 I 34.904830 44.124774 75.799534
965 V 80.932197 92.338517 86.040981
966 V 39.599201 90.597178 32.224766
967 I 33.274947 33.895265 68.880709
968 V 69.606367 99.182862 56.994812
969 I 81.857051 57.010768 78.654135
970 I 9.461060 96.758642 97.922763
971 I 48.280514 25.058157 75.754884
972 I 83.916160 88.130739 73.607793
973 I 22.872192 99.719760 54.899611
974 V 16.736042 22.460571 15.673699
975 I 44.777718 12.396185 10.835159
976 I 16.244486 98.706927 44.937229
977 I 60.779108 76.065151 75.930839
978 V 74.214832 24.543400 18.834934
979 V 65.073726 16.866800 82.042304
980 V 76.534694 88.441047 64.572491
981 I 12.286564 54.517157 61.545954
982 I 10.334836 91.064828 75.132329
983 V 13.257484 93.083185 61.108467
984 I 89.101691 9.499346 89.937546
985 I 7.267370 1.517499 33.751474
986 V 60.378122 67.137256 35.952968
987 V 25.839386 74.284868 43.932885
988 I 87.087085 23.688355 57.022495
989 V 83.552195 53.331716 76.625239
990 V 66.507679 95.850518 38.678088
991 I 24.400445 79.978850 96.734227
992 I 2.640116 69.299893 6.694071
993 V 77.949899 57.869410 94.437876
994 I 23.164632 44.124592 90.212017
995 V 40.581641 76.454198 77.221859
996 V 63.163149 39.078842 97.501158
997 V 86.715227 10.952051 30.543583
998 I 16.441555 33.886300 31.879511
999 I 51.289533 89.045139 91.331244
1000 I 32.110132 54.570488 94.019125
