1000
1 I 5.356283 22.343498 90.591810
2 I 36.651132 32.506082 31.436894
3 I 84.811321 5.947814 4.849837
4 I 33.606048 73.026541 38.486292
5 I 7.762908 65.535958 78.602862
6 I 91.906238 69.096393 48.932428
7 I 56.320108 38.262474 50.937767
8 V 84.997410 94.976587 17.867512
9 V 18.787971 71.950357 41.816261
10 I 60.667388 45.806043 62.797007
11 I 83.815487 69.504754 90.252709
12 V 78.755045 51.916232 42.973762
13 V 60.713915 23.757365 99.141189
14 V 65.348638 60.302149 22.517189
15 I 63.734616 91.134420 35.558661
16 I 88.112197 44.525944 95.568907
17 V 32.484107 63.759151 71.660970
18 V 10.948776 62.694333 68.643282
19 I 52.372495 32.543023 33.902253
20 V 29.974670 61.142180 59.095760
21 I 74.214767 74.451456 36.817798
22 V 79.954981 55.933362 18.748590
23 I 20.424672 20.148482 57.676935
24 V 52.273432 63.703663 43.908971
25 I 53.406419 98.032036 46.009811
26 V 39.059266 29.947534 67.649040
27 I 94.563543 63.366246 25.283763
28 I 74.070640 49.805339 96.867143
29 I 17.735580 53.028242 82.290246
30 V 14.036205 36.028459 79.719714
31 I 8.842734 1.545224 94.731422
32 I 24.477426 20.463027 30.108384
33 I 7.450045 51.546713 65.830383
34 V 92.378886 41.976683 60.257626
35 V 52.085485 1.031180 22.795563
36 V 26.833020 13.768027 64.708657
37 I 75.008551 13.446080 44.539850
38 V 20.870868 50.606562 30.877861
39 I 88.152285 16.052792 75.372338
40 V 16.165431 85.828382 99.643059
41 I 59.831430 5.113980 65.406731
42 V 48.256891 91.658872 75.767059
43 I 75.042430 91.488633 84.449631
44 I 31.101778 13.184344 94.318853
45 V 93.754666 18.857242 51.964236
46 I 38.034478 87.307236 26.443428
47 I 41.672603 77.853996 72.548792
48 V 52.701378 43.431676 12.851508
49 V 5.994362 37.680786 23.709736
50 I 79.453830 16.095894 32.748568
51 V 91.493876 81.751794 77.435127
52 I 97.193675 55.385965 39.094649
53 I 5.884403 94.900555 58.098927
54 I 1.567533 0.361798 19.309821
55 I 45.777135 56.972508 24.844798
56 V 29.727191 16.596646 10.106048
57 I 62.801601 14.282377 64.978464
58 V 78.438899 70.556792 33.045589
59 V 12.236754 20.144063 73.733983
60 V 64.070227 75.154612 50.229761
61 V 31.684234 50.573276 20.467481
62 V 64.405909 72.528742 23.188441
63 I 70.674415 47.096425 95.046529
64 V 1.269961 82.185788 35.489195
65 I 46.304169 39.715333 53.152748
66 I 20.181890 97.409575 73.154097
67 I 30.274232 4.796495 38.291428
68 I 7.793231 80.340992 41.847109
69 V 75.782612 16.625568 31.242924
70 V 59.823195 52.923961 19.210868
71 V 76.244314 5.736598 4.212534
72 I 90.715488 66.291661 74.397123
73 I 25.349124 76.680393 30.291073
74 V 31.024162 55.678445 96.768388
75 V 95.528915 59.697179 47.596206
76 V 21.855042 52.410459 26.090027
77 I 51.348312 33.318355 2.624475
78 V 31.353354 65.301342 37.522606
79 V 43.627213 8.529454 9.476812
80 I 59.269255 84.192476 70.709068
81 V 99.013952 17.262593 94.807605
82 V 82.134226 66.039945 98.321678
83 I 57.783040 38.022602 89.309675
84 V 30.982591 29.753016 72.275884
85 I 92.828403 55.163042 36.164175
86 V 54.365960 69.094215 32.731725
87 V 27.541050 7.346933 91.669878
88 V 60.280799 18.270101 27.748230
89 I 81.956205 20.695719 50.280746
90 I 98.053452 65.321750 3.211733
91 I 26.643302 66.665001 51.686850
92 V 63.512097 23.706097 31.302586
93 V 97.921260 8.330064 48.419234
94 V 68.194125 95.376163 1.850080
95 I 1.375727 75.300447 41.379703
96 I 8.199474 63.049095 3.699703
97 V 71.538217 40.681250 63.754146
98 V 64.287604 70.869125 33.585212
99 I 0.332523 91.609392 1.930705
100 I 6.039589 8.521949 71.417369
101 V 81.466018 50.475312 0.993706
102 I 30.505199 57.568055 88.063616
103 V 87.742544 5.373427 12.880772
104 V 96.380522 4.011069 67.921678
105 I 20.132825 26.193192 78.497833
106 V 73.902714 77.191082 0.188950
107 V 23.450758 69.121844 20.157639
108 V 2.399490 39.012641 19.763258
109 V 59.124022 78.344573 5.305572
110 V 74.215062 52.895814 61.861711
111 V 22.346111 37.189641 69.195229
112 I 15.142184 49.352178 16.523858
113 V 96.191007 60.861586 34.450788
114 I 17.058111 83.024691 97.366507
115 I 20.728492 28.921359 46.971677
116 V 53.292513 39.941981 38.840754
117 V 20.394843 83.963455 73.937801
118 I 82.427358 78.054175 45.209496
119 V 58.841345 33.268938 49.401820
120 I 21.846007 29.805763 81.676107
121 I 1.526430 21.425403 31.453200
122 V 70.721633 48.275988 97.640835
123 I 99.722942 86.999078 15.842189
124 I 28.460240 30.885966 19.613224
125 V 79.136903 16.937497 67.851376
126 I 73.503437 21.566352 34.948028
127 I 16.508419 33.297068 67.756222
128 V 64.806152 10.006866 71.065686
129 I 81.881781 0.480248 81.649259
130 V 61.966792 10.574984 7.507514
131 I 38.300491 10.903257 38.599829
132 V 41.092719 40.933978 52.219190
133 I 4.424753 67.717851 23.989529
134 I 57.391963 62.869710 40.245982
135 V 71.842204 6.209867 16.575802
136 I 57.523970 76.909193 68.943070
137 V 39.336641 66.671301 60.316582
138 V 61.792431 77.590364 44.493530
139 V 13.769144 66.065526 2.426153
140 V 59.469192 34.412294 6.757785
141 I 40.722251 29.879777 29.142863
142 I 79.846340 47.631120 94.026639
143 I 39.677938 89.550973 19.773278
144 V 50.167978 34.414979 11.576159
145 I 80.371300 41.167322 87.879790
146 V 8.263044 24.014007 88.807873
147 V 97.445240 34.661993 25.324091
148 V 18.285138 14.337999 47.419058
149 V 16.388961 23.054203 19.643968
150 V 57.277942 50.775484 91.243120
151 V 34.316356 81.967957 82.440818
152 V 99.652708 86.172220 56.615769
153 V 3.718965 11.360751 61.386086
154 V 19.147177 38.143916 20.907696
155 I 78.812722 9.102193 53.848260
156 I 94.386050 56.085321 11.040520
157 V 49.500484 5.725049 83.242577
158 I 60.857325 44.403556 25.834004
159 I 21.558490 90.279479 71.064796
160 I 12.500438 67.619051 61.846475
161 V 29.162182 23.255390 24.661629
162 I 63.870954 77.352500 47.383133
163 I 67.561996 87.544388 84.856881
164 V 90.907930 75.607406 96.686775
165 I 12.972717 1.018965 23.437050
166 I 8.222112 87.615905 90.676248
167 V 33.372360 82.254747 34.672400
168 I 87.799443 80.712441 40.639717
169 V 61.447922 28.640009 71.696826
170 V 41.063431 63.161511 13.684934
171 V 27.522220 86.816816 99.111548
172 I 18.676950 58.004716 78.427888
173 I 93.814212 87.496429 91.074458
174 V 42.660821 37.117488 36.597826
175 I 77.681060 64.736975 92.329928
176 V 62.092839 72.820985 9.147439
177 V 10.607893 5.084921 66.724482
178 I 23.283190 36.650214 96.360048
179 V 30.135436 9.344302 3.133461
180 I 41.201357 1.114013 29.313458
181 V 83.493561 92.431531 44.731277
182 V 68.895618 72.453788 33.462613
183 V 76.525913 20.500466 85.124165
184 V 10.437969 85.864629 24.235571
185 V 37.917702 25.148184 89.475805
186 I 74.047371 46.011281 34.012689
187 I 69.022289 42.314249 40.010308
188 V 73.445110 80.256398 44.077290
189 V 82.313569 74.745373 63.774703
190 V 46.431737 19.053660 29.659391
191 V 42.177393 82.546961 72.627953
192 V 56.348049 70.500926 91.053901
193 I 78.340524 26.686885 88.522946
194 V 48.702425 20.215678 9.754637
195 I 15.176959 48.156649 97.043770
196 I 38.790605 56.077831 52.932392
197 V 96.482747 59.421583 74.870916
198 I 53.880583 71.032270 49.065506
199 I 88.667836 74.694013 43.786300
200 V 12.574729 39.871336 6.436562
201 I 76.077420 67.670084 16.672361
202 V 89.930270 22.902528 20.064503
203 I 63.450633 30.965801 49.674998
204 I 71.182141 90.474097 83.015635
205 V 97.382435 20.293459 95.574993
206 I 57.498324 20.071503 42.776463
207 V 13.311327 89.470858 93.304265
208 V 63.271157 89.365676 26.202923
209 V 97.751282 27.493117 54.689976
210 V 37.489989 6.251324 20.411148
211 I 10.431600 29.716579 10.579575
212 V 61.546819 99.990774 53.794895
213 V 70.888885 74.504321 14.128797
214 V 88.085668 11.931889 97.348240
215 I 35.897828 0.156267 54.223812
216 V 20.449769 86.926617 1.192071
217 V 31.031517 61.645640 37.884035
218 I 13.321844 86.028549 83.407559
219 I 71.765966 41.985020 23.659898
220 I 50.558957 84.368465 39.052506
221 V 45.800744 56.311171 73.080025
222 I 79.973458 31.174167 25.851480
223 I 39.793127 93.528695 94.070710
224 V 30.250544 32.820300 42.082630
225 V 92.699332 89.542062 61.008974
226 V 36.089459 24.389792 72.380434
227 V 3.483339 91.459491 46.335429
228 I 10.491188 35.659131 19.407678
229 V 56.946157 34.516926 16.926734
230 I 50.043844 27.890618 11.336561
231 I 49.123912 51.040051 17.588860
232 I 58.730274 47.987384 51.726686
233 V 54.224176 86.017199 2.579447
234 I 60.140677 40.895077 84.287282
235 V 18.343305 87.777422 58.891665
236 V 33.477446 88.785874 69.829397
237 I 81.748465 63.632664 91.750318
238 V 59.836089 69.542333 19.491562
239 I 69.977655 4.522318 16.406377
240 I 68.997120 74.124613 32.746145
241 V 6.929193 93.263797 60.748129
242 V 5.355946 29.832757 31.833196
243 V 10.003371 55.433681 31.687363
244 I 46.545476 63.153483 56.355407
245 V 32.184217 34.565224 26.842820
246 I 50.927973 58.563662 25.281173
247 V 94.274349 54.291471 99.265643
248 V 35.494952 86.488362 98.974157
249 V 45.778307 34.361061 59.361063
250 V 66.402470 2.089240 83.330616
251 I 53.517671 2.946911 65.987653
252 V 5.831930 12.653352 74.550482
253 V 49.166134 17.802735 10.625528
254 I 87.827044 45.348478 53.905506
255 I 18.548383 3.102336 63.366898
256 V 63.554435 6.402302 34.515183
257 V 74.230571 1.127573 52.287193
258 I 19.660733 76.483682 87.519978
259 I 50.162703 39.537221 35.150368
260 V 60.998027 36.500776 83.682407
261 I 79.842227 47.484855 29.924573
262 V 1.302439 32.611701 42.940036
263 V 95.236448 99.871417 56.927623
264 I 78.226796 27.292081 26.677396
265 V 33.328551 98.735445 27.259270
266 I 43.170027 86.250464 77.019734
267 V 63.903301 77.161120 0.480650
268 I 23.119953 34.153227 68.081728
269 I 97.231169 18.741224 82.194090
270 V 92.745425 32.181027 16.136851
271 I 48.106975 30.002707 54.674956
272 I 25.443373 63.675090 76.137379
273 I 91.465825 68.569579 79.939574
274 V 24.229447 3.806059 7.545756
275 V 71.330583 38.955938 27.567525
276 V 82.721898 63.903004 90.255294
277 V 58.425523 31.527689 99.531247
278 V 60.356536 25.603460 56.349589
279 I 53.396583 29.460329 43.572601
280 I 7.745654 41.842632 60.445688
281 I 1.208126 28.179499 27.237061
282 V 7.441322 78.538656 6.123156
283 I 65.688122 64.426565 80.718781
284 I 43.030655 86.164550 11.347059
285 V 38.322104 39.510257 11.611928
286 V 95.854692 26.337813 90.214049
287 I 40.886628 30.190829 2.718050
288 V 24.475786 67.407884 84.557956
289 I 51.068480 51.306749 37.323162
290 I 20.255184 7.647505 99.502686
291 I 34.038301 42.538997 15.983966
292 V 0.218221 80.642826 69.003181
293 I 86.755330 73.198546 45.702580
294 I 95.127399 45.059574 93.106801
295 V 20.071000 88.670902 74.149612
296 I 85.325589 59.072595 70.655508
297 I 46.507297 97.040056 13.419266
298 V 98.758204 0.307657 99.441077
299 I 66.970226 57.835198 14.585438
300 V 0.430006 4.940252 1.131990
301 I 98.716763 98.110792 85.193495
302 V 36.595903 44.372666 36.957363
303 I 22.615756 95.011506 99.384328
304 I 16.010787 36.136189 93.863778
305 V 80.315441 21.382218 29.733720
306 V 48.333661 26.554558 32.841857
307 I 24.802576 22.291377 11.073159
308 I 46.698145 30.822717 45.952676
309 V 3.202620 19.506260 52.786409
310 I 71.877714 54.478142 63.980524
311 V 48.403603 60.376065 2.161609
312 V 82.898347 86.085322 33.980660
313 V 73.923882 37.657634 16.304146
314 I 27.764048 97.643479 85.107147
315 I 35.700151 70.112337 58.021864
316 V 7.808022 84.169507 26.279903
317 I 74.496454 35.556007 79.456176
318 V 70.879504 50.650571 50.367686
319 V 6.615761 47.804455 65.994553
320 I 95.549097 99.481401 40.811006
321 V 1.469228 3.739021 49.947264
322 V 37.246053 71.377618 33.483286
323 I 8.286359 55.863378 51.838766
324 V 25.007680 23.935980 76.685522
325 V 19.535553 75.828584 82.086422
326 V 5.456542 68.493365 87.364889
327 V 8.671798 89.303198 25.156700
328 V 2.151865 91.937049 80.385839
329 V 51.848327 22.388679 14.464112
330 I 57.799733 41.614590 5.435308
331 I 22.320805 20.095486 76.554418
332 V 68.646146 67.515588 0.968000
333 V 87.778204 9.874994 44.245242
334 I 19.486996 53.723611 2.334295
335 I 62.610910 92.106524 14.874068
336 I 74.678065 84.609469 77.086621
337 I 65.174287 76.491090 82.660958
338 V 65.450989 98.787091 74.535602
339 V 82.979505 91.765818 8.279206
340 I 68.170437 6.155647 90.463866
341 V 2.304600 42.496009 92.246440
342 I 81.449300 82.875928 70.811409
343 V 49.164789 69.655452 31.044581
344 V 89.344926 26.563454 97.243684
345 I 23.002574 43.080212 80.601084
346 I 13.767764 13.464421 53.875051
347 V 88.229156 37.366623 67.240278
348 I 10.608547 31.912258 26.022678
349 V 24.040949 15.480320 46.637769
350 V 7.126656 77.196805 40.829745
351 V 81.844608 13.325746 3.862565
352 I 55.371180 31.142837 3.559373
353 I 9.229300 98.876953 45.576124
354 I 48.887080 24.386435 67.782679
355 I 60.270811 84.622056 81.373368
356 I 31.976252 17.608435 57.144080
357 V 81.648678 69.711291 39.404478
358 V 19.076814 31.659124 96.717470
359 V 15.120232 0.874365 48.040687
360 I 64.773097 89.297131 11.677284
361 I 58.834327 76.120839 57.956181
362 V 8.688492 86.031249 82.149064
363 V 69.317368 40.895646 48.848216
364 I 6.793579 70.464448 28.526378
365 I 60.147528 38.792343 71.536898
366 V 69.724925 88.951583 44.705246
367 V 80.487591 40.909583 97.496388
368 I 70.479162 20.511306 22.934844
369 I 92.402771 26.647306 5.605615
370 I 61.495810 33.909889 2.460896
371 V 79.272690 88.295272 85.547890
372 I 89.354958 85.973459 64.045967
373 I 40.330214 96.965298 10.258874
374 I 39.622790 90.768891 60.351853
375 V 52.268830 68.617475 88.180344
376 V 37.598138 85.597127 22.837384
377 I 77.797623 15.007954 46.153735
378 I 20.782380 42.345968 85.219102
379 V 50.000251 21.678325 28.009729
380 I 76.671083 46.823722 50.792313
381 I 17.231746 89.816977 10.581826
382 I 87.951025 3.356901 57.503740
383 V 81.783712 1.693572 37.723757
384 V 45.558562 83.895615 12.451094
385 I 52.140844 57.362646 5.209087
386 I 74.015350 88.103744 50.585166
387 V 49.502417 57.509935 7.534510
388 V 66.683116 40.415512 65.913440
389 V 16.753078 36.680032 57.725361
390 V 87.419449 77.908787 17.331700
391 I 16.851211 80.983511 54.467323
392 I 91.531946 19.017269 89.833904
393 V 76.825847 58.428646 66.062575
394 I 44.712589 44.002579 7.389615
395 I 4.565704 36.543675 51.284033
396 I 52.163056 49.466071 28.212472
397 V 9.572302 84.948681 76.440047
398 V 45.971799 20.399176 40.810644
399 V 65.068483 97.412428 0.176720
400 V 74.773752 69.757364 78.866061
401 I 2.479705 50.223605 38.999431
402 I 44.485561 0.938200 39.220906
403 I 78.204383 91.240574 57.428785
404 V 54.148679 19.473961 77.194019
405 V 47.391887 14.647306 15.534495
406 V 0.110855 64.129683 0.517410
407 V 0.768851 13.145593 73.230762
408 V 85.769377 74.944658 27.167119
409 I 59.951238 73.258082 42.226523
410 V 65.122586 47.213132 84.358780
411 I 1.459726 55.543930 9.354338
412 I 6.687479 87.486953 97.414070
413 I 42.313829 51.112692 92.617119
414 I 76.256127 49.436532 16.786264
415 I 20.256887 49.586235 40.779963
416 V 86.783285 95.757518 23.076601
417 V 13.394442 3.139176 26.160989
418 V 6.148470 32.604461 34.241531
419 I 0.031553 74.982254 25.927651
420 I 74.206144 66.297258 62.645456
421 I 17.647179 80.049195 96.989475
422 V 63.462716 1.078523 91.072208
423 I 39.270772 15.842097 69.543075
424 I 24.749295 68.812232 41.690204
425 I 71.726256 5.953347 67.549519
426 I 79.014563 29.632658 38.200085
427 I 16.718883 11.151774 64.098639
428 I 32.842086 96.043292 84.593306
429 I 48.281456 24.204378 64.104357
430 I 58.198030 91.394721 62.428185
431 V 33.608125 30.376303 61.069718
432 V 43.499973 23.729931 46.455691
433 V 50.446898 81.306319 43.957259
434 V 4.879171 29.291377 0.100263
435 I 57.511775 58.470964 40.619810
436 V 36.347260 31.505798 23.343788
437 I 7.151708 35.670193 28.587655
438 I 30.664028 63.355317 84.813241
439 V 16.813193 54.786132 91.594499
440 I 4.561373 57.381559 3.462748
441 V 73.502077 24.852490 36.578833
442 V 33.366725 76.258738 30.035075
443 I 82.950999 73.196132 66.828712
444 V 66.662782 89.268633 98.553564
445 I 94.847750 76.323886 26.279329
446 I 96.800885 25.570487 32.519394
447 I 59.193264 98.486756 72.818678
448 V 22.705385 37.625261 2.818738
449 V 38.029624 86.460527 76.879955
450 I 52.105320 62.094606 56.668666
451 V 30.986858 78.552555 93.080629
452 I 95.194666 44.852633 82.608513
453 V 83.067479 92.579965 90.032516
454 I 85.471884 22.826144 87.190393
455 V 2.977201 16.657206 85.518610
456 I 59.531627 3.840882 59.484040
457 I 18.288764 66.122557 53.256413
458 V 97.632906 82.006126 71.354346
459 I 39.731971 11.957881 35.467364
460 V 3.953166 51.171997 6.386542
461 V 50.185532 69.459444 38.773255
462 V 60.963623 9.013956 22.367707
463 I 98.694551 11.813883 80.922654
464 V 36.704210 67.955195 20.870568
465 V 15.414261 1.206479 19.304449
466 I 67.434230 69.975989 51.929392
467 I 81.185802 78.564060 33.903877
468 I 34.924743 16.363810 26.736450
469 I 96.359003 76.717332 11.567883
470 I 53.645958 61.197700 56.506167
471 V 26.641323 30.206676 50.753422
472 I 97.838424 16.401071 88.170087
473 V 29.892869 45.316187 79.619674
474 I 67.774315 38.631393 8.158913
475 V 80.752148 50.049250 45.314703
476 V 42.493920 58.277657 61.376264
477 I 62.395345 60.735579 10.965916
478 V 24.633852 90.818920 21.369202
479 V 7.233651 50.362609 41.320802
480 V 53.796892 85.692758 60.259962
481 V 42.151519 95.171987 11.552275
482 V 97.415145 94.920750 88.204781
483 V 5.399154 0.242079 26.025417
484 I 98.458609 47.259148 0.204401
485 V 40.611265 47.200510 55.783174
486 I 79.720300 48.134356 28.129201
487 I 54.198370 78.713735 6.518215
488 V 38.238722 57.295013 93.221505
489 I 31.272364 28.137185 57.470979
490 V 22.995495 92.701218 8.332076
491 I 98.974717 31.285566 73.662730
492 I 2.377396 92.724068 36.292428
493 I 69.686626 20.803468 50.261223
494 V 91.143004 20.306354 42.903130
495 V 33.913249 23.359878 98.865032
496 I 76.089743 17.549058 68.029717
497 V 83.628644 11.570202 85.847660
498 I 96.695806 49.325910 26.888204
499 I 97.769920 33.290779 77.272347
500 I 34.307629 78.578076 12.736361
501 V 91.773178 30.123918 61.690155
502 V 22.198179 33.990014 17.054427
503 V 94.183108 30.523573 1.300412
504 V 64.038824 25.807140 32.847470
505 V 22.862157 0.312425 95.956638
506 I 37.805897 64.196983 52.242072
507 I 31.065429 71.258621 74.356776
508 V 78.645924 3.394059 57.701108
509 V 65.321628 59.413407 84.456480
510 I 61.644338 94.258821 4.581669
511 I 41.862185 78.057250 68.686949
512 I 16.249839 53.942497 38.038635
513 V 54.613565 1.347013 70.485884
514 V 56.304932 75.128592 28.498122
515 I 92.231500 90.622082 93.121419
516 V 67.504927 49.817525 77.785217
517 V 62.685265 22.383411 56.191191
518 I 36.627238 62.915451 99.773620
519 I 90.460619 22.767320 74.379436
520 V 65.485337 73.983762 17.342673
521 I 96.243215 13.153358 47.597975
522 I 33.694256 26.516061 34.464498
523 I 76.184800 0.741981 94.824116
524 V 84.050249 60.485545 51.912209
525 V 91.239048 31.677204 58.626093
526 I 3.050055 63.090145 76.190574
527 V 51.560336 10.609932 66.824222
528 I 50.547899 33.438360 38.023564
529 V 43.772674 27.315098 98.194430
530 V 26.491729 77.578489 72.438113
531 I 56.680396 91.966419 14.016014
532 I 29.712073 66.881546 45.810563
533 I 28.521765 86.110781 65.957858
534 V 71.016591 15.893935 49.362044
535 I 62.513048 97.041380 9.693805
536 I 89.225183 16.644577 7.320385
537 I 97.347496 25.772583 20.335988
538 V 88.312416 26.305620 76.628870
539 V 98.295361 27.277997 97.440432
540 V 4.191917 58.691760 80.020508
541 I 71.395323 53.497544 69.027453
542 I 18.144616 87.109082 98.761105
543 V 42.637316 9.254432 77.411160
544 V 96.754712 98.796861 58.916576
545 V 18.866297 23.706650 70.999153
546 I 14.076886 58.128869 92.885832
547 I 38.973061 99.993393 53.929361
548 V 58.968976 30.979893 34.389722
549 V 28.605131 39.572377 11.117010
550 I 20.156748 3.348293 91.639173
551 V 20.536161 99.581847 96.369891
552 I 20.504959 81.675274 83.988134
553 V 54.545611 9.615856 15.609501
554 V 87.444899 33.993471 79.299202
555 V 60.094968 3.632487 27.339555
556 V 47.858918 70.676283 50.891322
557 V 31.342028 32.970367 30.605459
558 I 24.925908 12.064468 49.913488
559 V 79.566927 92.814770 90.989870
560 I 12.882201 57.160580 15.292633
561 V 25.471500 12.011710 36.043177
562 V 63.777275 35.318116 66.982974
563 V 90.825574 72.138646 36.037399
564 V 48.788657 58.698388 29.496187
565 V 76.543478 98.956627 28.981862
566 V 99.512691 20.428420 8.524172
567 V 31.191554 78.905757 6.313832
568 V 59.906309 29.869884 62.549289
569 V 16.355396 87.876645 85.459919
570 I 26.606547 5.196972 33.670150
571 V 86.602743 35.303020 1.160876
572 V 16.112899 71.195623 79.429962
573 V 15.221855 80.220024 44.205836
574 V 97.426515 12.480051 21.226504
575 I 53.691371 95.200262 24.500093
576 I 5.633611 20.261976 52.864190
577 V 66.118635 95.267004 32.691636
578 I 8.005274 5.761863 8.826101
579 I 63.957504 80.283963 63.451688
580 V 1.057874 46.819790 86.191062
581 I 44.369295 5.514642 33.272582
582 V 37.390012 49.033559 97.926550
583 V 0.611905 62.354944 64.739614
584 V 48.913151 27.832455 21.670274
585 V 25.793061 70.733043 69.136670
586 V 10.147393 91.537593 55.026924
587 V 94.862770 79.798763 99.615677
588 I 78.063380 49.408360 94.906820
589 I 96.710849 61.650585 46.704340
590 I 37.610694 28.444577 49.157371
591 V 44.683088 53.133990 66.405524
592 I 56.365096 66.755704 16.397779
593 V 66.041141 48.833083 12.608689
594 V 39.650375 34.149865 27.488239
595 V 80.711791 48.682420 30.235908
596 I 24.600819 94.472268 3.993015
597 V 54.612357 26.531187 63.435006
598 I 79.459404 54.048676 78.186495
599 V 14.204575 96.711027 63.781699
600 I 30.526639 36.447125 10.875915
601 V 3.262623 11.581955 50.466880
602 V 84.870028 62.454272 27.925103
603 V 58.368253 40.652192 22.242170
604 I 3.307286 44.468218 31.363669
605 I 53.607461 96.593624 82.277429
606 I 17.227547 73.594322 54.202813
607 V 2.752071 93.834416 93.554580
608 I 14.835460 34.648473 22.991301
609 V 7.845635 89.322774 71.599806
610 I 64.972921 19.040482 35.936324
611 V 3.393429 0.049420 59.663156
612 I 77.942884 41.018665 77.713841
613 V 29.350794 71.262435 8.974927
614 V 48.908599 24.643944 81.267150
615 V 52.676618 50.765036 88.192009
616 V 74.117643 13.274853 18.166770
617 I 68.002791 48.718358 86.245222
618 I 39.667948 86.849850 92.449456
619 V 30.699821 28.884220 8.350960
620 I 35.118051 62.906075 41.429480
621 V 88.495317 41.812298 26.271302
622 V 86.074970 55.345007 0.944668
623 I 82.837182 23.206652 59.414473
624 V 16.542460 90.023193 37.605395
625 I 15.945416 65.293524 25.078966
626 I 64.268012 26.316077 46.763859
627 I 82.622311 75.681210 9.889631
628 V 16.274453 16.181971 4.455066
629 V 93.816548 8.746633 91.858244
630 I 42.335862 52.187000 45.364390
631 V 23.877313 66.980409 0.659954
632 V 97.659076 91.730725 12.467643
633 V 25.804891 71.492913 51.856468
634 V 81.975343 88.323362 27.618430
635 V 88.968789 89.793579 22.700765
636 V 55.188228 88.653957 20.207316
637 I 98.541227 82.737982 32.877501
638 I 37.177920 72.864633 42.742222
639 I 95.361167 41.334210 39.294511
640 I 66.911588 49.578407 62.968680
641 V 43.814875 24.899456 16.233357
642 V 48.875437 47.517515 3.736768
643 V 0.868318 0.658997 41.435247
644 I 75.222799 61.384498 8.308506
645 I 2.034052 30.553695 50.340110
646 V 17.693197 18.838008 21.959790
647 V 78.600489 84.534250 1.623076
648 V 43.499280 28.874094 51.801198
649 I 60.873427 28.499270 29.784817
650 I 99.656911 36.202849 64.742858
651 I 39.718193 12.827158 0.344973
652 V 62.215715 63.431347 38.952321
653 I 84.450810 42.103757 53.290656
654 I 54.634300 16.783887 1.364781
655 V 48.555446 91.451519 80.140887
656 I 81.500989 5.838903 85.463243
657 V 17.911019 95.125803 19.244209
658 V 74.584088 98.086802 63.055568
659 I 14.246479 59.729881 41.680117
660 I 39.603544 8.703013 53.350896
661 V 38.855247 28.245547 89.302783
662 V 24.491563 63.531135 2.946393
663 V 13.841647 19.251524 6.122833
664 I 96.408833 93.720695 50.925273
665 I 60.935870 45.895009 25.777571
666 I 72.669349 86.615837 88.276891
667 V 17.203247 79.461887 52.262628
668 I 86.171437 11.673249 32.440126
669 I 20.471555 24.224990 29.310595
670 V 75.030027 99.530137 49.886367
671 I 26.347772 94.220406 5.155692
672 I 74.396780 62.399738 36.202724
673 I 39.223556 44.794803 36.277666
674 I 24.643105 9.978176 39.690047
675 I 68.189585 16.143047 39.915168
676 I 70.759304 56.488653 79.684575
677 I 33.122611 35.802953 66.180518
678 I 32.099348 17.354674 89.219883
679 V 19.310989 82.357522 52.070298
680 I 50.913507 61.340474 20.021392
681 V 70.804785 54.425486 63.096199
682 V 30.364290 9.022957 84.765746
683 I 94.806784 32.421422 81.214608
684 I 24.018337 30.200517 59.919077
685 V 9.028142 3.410189 24.799793
686 V 1.385966 58.664511 75.953627
687 V 84.567876 0.531036 58.231628
688 I 65.757535 46.541221 61.856464
689 V 9.289111 59.128785 91.570625
690 V 73.120675 8.283211 67.475148
691 V 75.975988 18.394745 34.587974
692 I 10.436571 38.837555 27.479810
693 V 78.283083 32.138135 83.894336
694 I 40.606490 5.726805 44.698033
695 V 56.995298 63.472330 17.137651
696 I 67.416584 72.526679 58.253203
697 V 3.614983 31.195373 27.819840
698 V 3.075161 29.040324 13.912573
699 V 29.831992 18.851865 58.983260
700 I 2.391353 83.886255 22.131238
701 I 46.492172 59.898340 3.034086
702 I 63.820585 12.250878 1.977020
703 V 5.199878 3.067263 50.524574
704 I 7.873997 62.112469 32.950762
705 I 70.643300 52.200545 98.364639
706 V 49.563849 11.071891 48.570862
707 V 27.107507 15.106737 7.930920
708 I 71.993328 23.477619 57.958810
709 V 54.248191 95.481759 31.242803
710 I 90.072437 54.332206 41.269820
711 V 73.123137 7.506238 94.609022
712 V 7.604373 73.941788 59.040200
713 V 48.485733 85.564330 67.930473
714 V 61.867524 5.700360 39.487063
715 V 99.679103 53.443330 70.176290
716 I 90.785180 42.184356 15.954023
717 V 44.546118 31.794903 30.615339
718 V 15.794290 20.939110 38.427983
719 I 57.989511 54.421196 71.257636
720 V 9.865039 30.085795 13.223495
721 V 42.211220 62.305132 47.169159
722 I 98.550167 39.683133 88.118637
723 I 44.259573 13.494511 88.550437
724 V 57.722016 31.061940 27.292818
725 I 52.033567 91.754028 92.381331
726 I 61.006815 86.546066 73.779088
727 I 48.089463 55.583583 99.344545
728 V 77.673406 69.048480 85.341386
729 I 23.957830 59.875243 59.186748
730 V 54.439910 81.097501 36.017567
731 V 73.107637 42.298264 53.433660
732 V 19.025464 20.237204 69.201101
733 V 73.600012 8.292846 71.986389
734 V 0.397959 13.195060 84.010091
735 V 21.297839 42.861073 58.717486
736 V 36.845862 10.747094 0.034475
737 V 99.601403 36.462546 78.942060
738 I 74.923808 33.803480 26.074397
739 I 18.615999 39.477563 2.837372
740 I 9.934247 54.625933 40.382967
741 I 31.259975 45.084187 42.845062
742 I 2.525822 1.009926 41.595738
743 I 79.923960 71.659361 33.972375
744 V 67.218266 93.185433 80.247916
745 I 69.815284 49.669874 11.304083
746 I 26.897622 47.233729 15.856186
747 V 73.011031 26.445778 62.663275
748 I 98.575338 73.278658 85.803291
749 I 86.333457 45.727245 62.349021
750 V 83.215169 54.025222 39.103032
751 I 15.782094 64.606246 98.064521
752 I 88.694568 8.820978 70.901504
753 V 68.109596 16.171763 35.249814
754 I 14.712053 84.600614 64.591419
755 V 32.390545 79.142668 34.526989
756 I 27.572098 30.084878 79.406408
757 I 56.454969 0.132574 22.850966
758 I 34.217645 28.279656 95.816049
759 V 87.033907 9.510743 15.046437
760 V 82.487352 84.416848 43.993702
761 V 92.722163 90.242417 84.124535
762 I 54.658657 5.726462 67.388228
763 V 9.421461 35.919677 26.565589
764 I 81.368516 61.866815 65.901106
765 I 73.277139 22.142272 37.754488
766 I 32.183972 30.516101 36.907624
767 V 2.992781 28.366922 94.710253
768 I 92.882046 41.586046 41.745756
769 V 9.943239 53.068120 17.599673
770 I 92.538349 58.887822 3.189481
771 V 74.758117 82.452833 82.689674
772 V 47.475150 85.254786 31.930905
773 I 80.431181 29.481694 85.479867
774 I 54.331928 20.296777 94.846374
775 V 7.163638 86.536127 92.848979
776 V 59.788998 59.770071 63.449131
777 V 64.375768 95.149626 69.013595
778 V 19.738151 52.516011 87.305669
779 I 97.981547 0.139515 84.670977
780 I 72.551850 9.127211 49.716901
781 V 5.644125 12.093280 59.387323
782 V 14.328566 1.531661 74.881684
783 V 11.689714 11.948635 64.992253
784 V 75.464546 59.900189 88.232915
785 I 48.234584 14.288503 85.964051
786 V 67.510508 8.042682 91.874044
787 I 67.905531 0.866746 54.141428
788 I 51.706297 21.415048 44.418308
789 V 13.582124 45.192141 17.961646
790 V 72.981855 34.729629 70.100683
791 V 59.187292 90.699947 0.228066
792 I 36.597385 29.281827 60.855114
793 I 72.229777 42.775582 79.385322
794 I 50.919440 3.820953 14.237673
795 I 27.500303 59.368301 32.062223
796 I 71.618823 71.957707 6.108660
797 I 83.643986 80.703334 77.837764
798 I 40.115030 23.206939 39.847191
799 I 6.506034 48.134045 82.995102
800 V 78.270406 8.209367 56.905916
801 I 92.943581 77.411232 14.619825
802 I 46.729285 87.803467 66.810826
803 V 43.089133 87.911833 34.759809
804 I 84.538543 83.648936 77.615893
805 V 42.689196 80.594017 92.598968
806 V 94.772120 24.266918 60.449665
807 V 57.635672 19.497223 24.060937
808 I 46.434843 89.867575 47.010261
809 V 12.184759 40.253658 34.999851
810 I 92.536291 80.257386 20.386703
811 V 1.884767 53.680204 88.379019
812 I 88.795650 32.766010 29.396751
813 V 41.990099 39.451640 22.203693
814 V 78.368004 94.513761 69.162211
815 I 9.926109 54.843822 37.194780
816 V 0.284029 74.479520 1.421075
817 V 68.905081 99.109588 13.431738
818 I 62.836812 89.172834 94.275644
819 V 30.711682 37.527710 86.805212
820 V 15.645185 60.739222 96.275252
821 I 4.629160 24.097113 74.372776
822 I 17.254734 88.046760 12.136851
823 I 61.374829 79.677257 66.130821
824 V 71.033917 71.961109 89.897411
825 I 71.950893 97.827304 58.085623
826 I 73.956631 54.025298 50.411434
827 V 71.966369 24.164650 81.938901
828 I 76.726928 77.411573 36.579828
829 V 38.059653 13.202520 16.297393
830 V 10.790811 83.376873 20.960235
831 V 47.747037 32.709840 86.875528
832 I 67.387054 14.354606 35.963909
833 V 56.554922 77.138318 86.786435
834 I 96.831124 91.745552 88.479441
835 V 20.930072 88.788480 95.280210
836 V 48.065964 7.606169 72.545913
837 V 51.487159 73.406898 28.455583
838 V 56.496562 3.547870 49.453129
839 V 11.956524 30.489038 91.969872
840 I 86.654865 54.156992 20.032179
841 I 87.603315 41.976350 21.743884
842 V 46.187497 94.153262 40.988165
843 V 62.685859 90.492301 27.733266
844 I 15.229772 37.302036 46.703416
845 I 63.586736 58.048141 78.404755
846 I 58.414543 7.788391 55.676637
847 V 4.049377 61.472066 82.880305
848 V 19.331364 99.429060 37.748103
849 I 78.491833 66.636919 73.983905
850 I 94.135124 18.906306 84.241196
851 I 57.884270 18.684641 94.553034
852 V 16.412829 28.543162 55.104205
853 I 99.755024 34.097649 82.428684
854 V 58.206149 88.621748 0.457779
855 V 9.655499 43.774177 25.240215
856 I 41.793458 59.719887 51.705216
857 V 87.287259 26.793343 73.239643
858 I 28.683119 50.403796 12.628812
859 V 0.859151 21.256358 65.172900
860 V 58.882653 10.322955 93.753593
861 V 93.808535 78.174071 74.607646
862 I 74.583821 32.885967 83.001125
863 V 14.259713 27.868022 70.568964
864 V 87.118989 39.788324 61.633351
865 V 83.107630 40.548771 78.154960
866 I 6.400981 3.757804 22.233079
867 I 8.106837 18.631747 75.668474
868 V 29.435687 50.083239 65.218079
869 V 29.483946 88.302214 56.397816
870 V 67.176965 69.760236 17.372018
871 I 5.253418 27.178293 28.638506
872 I 68.406150 87.737929 15.268661
873 I 78.179825 61.002000 81.355414
874 I 53.785264 64.528558 28.491659
875 V 44.561721 97.367271 39.336974
876 I 92.616023 12.165887 4.141845
877 V 11.292128 0.997453 7.523908
878 I 62.565726 84.018093 15.804942
879 I 17.117139 43.761168 72.479359
880 V 94.932281 21.808629 44.934081
881 V 80.324140 57.727418 14.091773
882 V 29.718353 13.472283 0.743218
883 I 70.586943 17.972078 24.522020
884 I 13.746379 65.012541 56.595061
885 V 85.215161 23.791801 44.918455
886 V 65.468757 95.548644 9.085106
887 I 55.716311 96.515575 51.939180
888 I 94.289946 86.609369 30.716520
889 I 20.865864 69.374239 84.128422
890 I 7.476294 4.525846 14.449743
891 I 72.390454 59.797024 64.890728
892 I 28.418458 90.216253 80.887253
893 I 18.972369 39.040090 98.551189
894 V 71.128486 65.371153 55.340009
895 V 20.677185 33.152990 97.479784
896 V 20.145668 85.591340 12.934990
897 I 74.644443 20.441868 44.041114
898 I 70.796157 20.175143 46.561752
899 V 38.844370 35.789370 73.718339
900 V 65.918502 39.871905 63.694071
901 V 32.587903 57.930300 32.383991
902 I 17.556768 35.799410 1.110814
903 I 73.301939 41.911060 15.826854
904 I 3.030506 28.458183 98.201026
905 V 56.739370 93.053032 7.795639
906 V 31.381051 45.966111 15.600920
907 V 24.033354 55.458549 20.775721
908 I 15.459582 31.262371 9.112476
909 V 74.803368 59.702038 78.429316
910 I 5.343691 44.635245 47.986350
911 I 85.365649 13.730957 45.338793
912 I 11.863188 32.692944 17.401600
913 V 77.107835 13.378957 46.747167
914 I 33.497636 59.700050 8.613031
915 V 39.706366 26.495004 86.142970
916 I 58.295256 8.723190 85.119966
917 V 17.464434 95.032883 89.730858
918 V 1.160724 86.555790 98.773313
919 I 63.450163 90.867807 14.238169
920 I 52.922321 86.440133 48.027262
921 V 7.081849 8.381294 91.478332
922 V 23.672253 48.579061 12.578571
923 V 91.639851 71.357662 83.651869
924 I 30.942300 88.295885 83.812736
925 I 27.102545 77.675499 8.723326
926 V 24.818960 43.386007 79.550089
927 V 1.895539 50.695045 23.956245
928 I 93.042992 26.340426 20.065763
929 V 68.960392 46.044392 16.355241
930 V 77.225578 42.238980 78.423813
931 I 37.305577 91.861303 42.041320
932 V 39.572531 35.575587 1.238274
933 V 23.561032 77.832897 72.711375
934 V 97.025974 89.544861 22.432754
935 V 93.702541 98.202971 27.628470
936 I 65.468767 36.642197 78.232387
937 V 91.791636 40.042185 91.950023
938 I 2.386781 30.622239 32.822169
939 V 74.849627 8.605382 81.997448
940 I 69.108612 51.659827 2.164934
941 V 25.609400 69.994007 37.193516
942 I 54.762515 1.973392 26.542431
943 I 38.762839 1.874492 92.373179
944 V 92.570474 58.138647 54.780179
945 I 88.004115 12.477067 6.381985
946 I 75.939080 38.103264 43.467532
947 V 59.852137 88.742131 72.901261
948 V 25.591407 44.642081 83.826451
949 V 46.924286 11.850485 34.761329
950 V 95.200917 81.928892 26.594667
951 I 50.483524 32.135079 59.511251
952 V 49.047927 9.259010 38.232317
953 I 66.399035 6.848560 43.105094
954 V 29.582251 43.198444 29.489882
955 I 81.802277 40.333404 63.339151
956 V 64.802135 77.977954 8.576497
957 I 0.816671 53.343275 76.571382
958 I 15.968424 84.688311 28.655510
959 V 92.045131 90.679572 12.577178
960 V 23.540871 97.190319 1.833563
961 V 33.564512 97.793849 17.723260
962 V 35.603716 95.647221 78.840987
963 V 52.954466 57.721212 89.124915
964 I 14.737199 80.796227 49.367023
965 V 25.214557 29.780934 22.740914
966 I 55.248065 35.634329 97.515789
967 V 75.398114 28.202324 52.191829
968 V 67.297543 43.579763 84.529068
969 V 30.913276 20.873160 52.909344
970 V 70.524138 45.065709 22.431586
971 I 82.066459 64.220738 67.407717
972 V 54.071237 94.058257 70.388449
973 I 6.926240 84.106239 0.116512
974 I 88.319022 83.017153 47.831514
975 I 30.306457 95.333012 31.943285
976 V 14.353457 78.533089 24.421375
977 I 71.203376 66.315772 97.483564
978 V 14.274256 57.555696 34.880848
979 I 95.027362 59.625645 10.643047
980 V 54.984519 97.315344 51.525179
981 V 6.047485 89.045775 35.006757
982 V 12.726901 23.415530 31.185252
983 V 78.113458 40.902584 15.611266
984 V 82.676801 99.286263 76.468497
985 V 82.446992 25.532378 25.112866
986 V 96.597427 83.378150 31.328066
987 V 7.061245 66.162828 0.541219
988 I 60.941943 45.121105 81.215506
989 I 86.369703 1.836553 73.252269
990 I 81.369446 64.008391 60.076721
991 I 21.682594 49.234128 93.697777
992 V 19.598427 63.966483 40.998808
993 V 51.670839 44.385020 27.470374
994 V 18.218092 26.821610 6.846543
995 I 52.917572 82.145762 48.801803
996 I 23.968470 10.547143 52.977381
997 I 97.349397 77.655458 47.936212
998 V 62.119387 94.895831 28.686765
999 V 22.675026 64.532518 96.878715
1000 V 9.740707 20.885538 52.134951
