1000
1 V 3.051804 41.583820 65.239809
2 I 37.154005 32.362525 67.751042
3 I 81.299488 24.207497 57.895671
4 I 40.405599 8.357906 46.094667
5 I 28.265730 50.411215 33.856043
6 V 99.392213 34.217972 97.643892
7 V 69.679615 62.934296 47.395242
8 I 5.977933 89.540999 43.349918
9 I 95.272707 95.319635 52.796130
10 I 31.823803 47.129412 26.159628
11 V 54.306297 90.008318 80.759144
12 I 7.755672 79.904438 82.793012
13 I 95.516046 48.436714 86.870963
14 I 47.252412 43.790103 98.161535
15 V 67.403254 53.288467 69.199102
16 V 12.276221 83.989507 95.739249
17 I 99.081655 39.993387 17.404882
18 I 86.356869 20.617497 28.041614
19 I 71.997852 88.044870 41.708867
20 I 31.244030 70.255509 5.791945
21 V 47.027748 2.524125 7.680225
22 V 9.409267 0.269947 57.267464
23 I 16.268278 25.017336 20.367773
24 I 25.097893 64.083703 22.274280
25 I 52.412025 66.165801 34.003003
26 I 32.084942 16.857968 84.560168
27 V 9.974377 82.075696 28.801801
28 I 13.999993 42.023711 2.590369
29 V 41.402334 10.907625 87.036809
30 I 86.015259 72.481583 85.153094
31 I 12.656154 2.169714 6.169440
32 I 34.185723 50.913546 65.372429
33 I 12.900968 77.036209 0.001196
34 I 64.062316 68.627048 38.528264
35 I 92.713882 0.798575 70.346631
36 V 55.979123 94.688169 44.294987
37 V 9.455143 91.527875 53.677494
38 I 89.002376 55.516342 1.987227
39 I 68.408452 77.832700 50.964570
40 I 22.120157 96.167574 83.520521
41 V 49.403421 89.738844 60.084356
42 I 79.276666 22.780683 87.543121
43 V 54.875148 98.484239 97.188927
44 I 24.326780 55.014478 32.439950
45 I 86.146273 64.954819 98.583864
46 I 31.790980 98.074337 74.377389
47 I 88.262147 27.635288 76.595746
48 V 59.532333 61.717743 7.877019
49 I 17.605560 89.694253 74.576921
50 I 39.171084 13.487594 95.590820
51 V 47.155831 48.986988 73.307260
52 I 19.058649 23.440769 69.327427
53 V 48.260942 2.380685 97.515014
54 V 70.041870 74.932812 0.544735
55 V 14.809976 52.237931 29.125651
56 V 94.121076 92.865434 12.135780
57 I 93.140814 24.374437 88.110895
58 V 42.883073 17.672701 83.462947
59 I 27.789779 64.175816 85.264619
60 V 43.356200 64.463289 98.918564
61 I 94.956762 4.779429 39.664743
62 I 94.485987 73.199594 5.461519
63 V 92.281824 67.536088 74.331585
64 I 63.730517 66.718218 88.575036
65 I 16.516727 97.243554 77.116123
66 V 58.654351 24.358803 53.153878
67 V 73.527587 43.837617 11.479497
68 I 16.350635 89.015438 76.268734
69 V 0.799354 20.355114 45.715611
70 I 86.927885 3.202539 42.441125
71 I 2.581584 24.720294 3.084085
72 V 63.952210 4.175355 77.201452
73 I 24.514489 48.337906 86.360329
74 I 11.659643 25.761979 68.930228
75 V 39.233979 85.260411 84.746457
76 V 52.137673 53.417764 1.924997
77 V 18.435486 50.483419 52.815398
78 I 4.862907 58.603866 83.160582
79 V 31.356205 86.476752 44.271180
80 V 25.025064 19.663737 83.781429
81 V 11.140605 51.703373 89.715741
82 V 38.796116 52.642599 48.466320
83 I 14.918434 87.696917 54.131083
84 V 6.808945 28.909612 97.537395
85 I 70.523813 63.938313 42.945320
86 I 55.780140 7.223386 25.519359
87 V 77.519337 78.313748 46.870340
88 I 16.751066 48.264681 16.957712
89 V 7.832580 76.246052 68.705137
90 I 69.977381 51.446037 25.472285
91 I 1.166057 12.548748 47.950977
92 V 30.759935 89.195732 96.230002
93 I 47.564925 0.599992 12.379537
94 V 19.141165 53.068817 39.521107
95 I 62.636002 93.893646 4.229523
96 I 65.984994 0.352947 74.599808
97 V 32.937624 64.810991 91.288373
98 I 13.067018 45.525787 13.053137
99 I 52.499461 58.927540 62.817437
100 V 60.238970 65.154832 90.169289
101 V 32.013895 14.296018 11.340859
102 V 82.534134 5.456352 54.458114
103 I 30.292001 3.230769 89.367333
104 V 58.797459 81.187172 91.183409
105 I 96.146018 29.761228 82.510808
106 V 89.088759 65.812377 51.533405
107 I 89.956983 2.819990 84.679811
108 I 52.140050 31.644838 64.604490
109 I 74.170195 6.606421 59.290964
110 I 55.750778 98.008378 66.548746
111 I 85.541662 73.398099 2.867667
112 I 57.903655 71.010102 83.405739
113 I 38.538081 96.437081 13.101024
114 V 47.369259 14.724690 96.525452
115 I 70.089281 79.868242 88.271795
116 I 72.900250 90.352388 26.762746
117 V 2.216870 13.083817 75.500096
118 I 50.448635 10.717112 12.506275
119 V 40.082021 11.454069 48.185225
120 I 57.656870 33.465846 55.555808
121 V 70.059066 23.083851 4.781642
122 V 46.497115 63.597914 43.311009
123 I 84.319903 61.062678 10.881673
124 I 12.420382 54.026509 8.189915
125 V 76.959489 78.980996 65.154857
126 I 40.501584 63.283256 66.338626
127 V 95.889484 57.323968 14.459332
128 V 34.879737 0.474898 86.585229
129 V 86.435065 70.035522 54.768672
130 V 61.449573 29.037140 1.938669
131 I 33.785210 5.490088 75.312110
132 V 74.445842 23.937375 89.069795
133 V 77.127536 80.849300 51.354096
134 I 30.269623 14.532009 7.252715
135 V 92.169630 2.759027 20.093060
136 V 72.648703 71.166374 27.545755
137 I 76.305503 88.933919 89.502672
138 V 56.707886 96.509560 66.265977
139 V 35.091450 69.136569 20.348460
140 V 41.890435 58.181507 45.863520
141 V 93.244959 36.550458 14.880990
142 I 68.052347 41.150752 34.976873
143 V 27.863085 48.570856 57.921076
144 V 5.820508 39.983893 76.451650
145 V 71.959431 37.977983 92.424968
146 V 75.756429 69.701071 60.059450
147 I 36.012368 5.383942 18.868249
148 V 99.040540 4.613563 67.227023
149 I 57.127612 51.013949 73.383314
150 V 10.592088 70.941547 57.701222
151 V 9.524885 79.877408 96.604245
152 V 41.421736 8.954735 53.228876
153 V 73.714873 88.219536 46.409426
154 I 86.676056 51.291790 61.499569
155 I 54.584123 0.949637 91.802647
156 I 58.797321 4.979583 98.623885
157 I 5.224672 95.112553 66.021704
158 I 94.829690 82.345158 56.532589
159 V 64.758712 32.235694 47.846940
160 V 99.969444 57.126045 27.768174
161 V 14.154798 83.584104 41.448401
162 I 27.606623 82.222222 77.455958
163 V 3.953567 67.779997 7.338175
164 I 21.752280 5.084763 74.437170
165 V 79.224903 61.464146 4.334184
166 I 34.737445 32.552278 55.206998
167 V 55.395473 35.515275 3.796635
168 V 75.568960 75.556725 88.550727
169 V 39.083515 24.043897 69.328334
170 I 87.594284 81.442608 46.302923
171 I 24.864750 6.896867 4.162104
172 I 95.474064 28.529483 32.608603
173 V 60.950128 87.902639 7.829667
174 I 27.648939 63.921719 45.136860
175 V 64.429010 98.654052 88.056442
176 I 70.080829 10.929703 66.007383
177 V 60.123597 39.660657 18.063168
178 I 33.843118 84.416899 79.308959
179 V 77.826851 2.982338 10.603653
180 I 52.533110 81.958854 45.194916
181 I 76.741304 17.470175 39.330484
182 V 16.393496 5.798839 94.385495
183 I 52.359258 67.343635 49.288622
184 I 36.379155 99.804317 64.435556
185 V 50.680199 58.769840 24.857520
186 V 38.378327 93.037775 38.221172
187 V 92.719904 47.251789 66.526758
188 I 22.546320 23.518906 12.601191
189 I 65.443756 28.116981 90.988729
190 I 89.469023 89.251779 81.595564
191 V 73.843184 54.263768 45.134560
192 I 20.948167 24.644190 48.421900
193 I 85.930480 70.734114 20.291268
194 V 40.013882 2.539420 13.056445
195 V 77.564661 41.184867 84.766796
196 V 92.977982 93.422608 36.446031
197 V 57.396045 99.285064 56.281400
198 I 32.654265 38.991569 54.572052
199 I 40.657632 45.649321 45.816430
200 I 47.701866 8.512375 54.445181
201 I 10.866810 11.927866 82.723173
202 I 12.426160 67.908018 48.436339
203 I 57.284470 7.125691 67.247149
204 V 84.898758 7.780760 84.895051
205 I 72.325745 4.433136 87.224434
206 I 80.740591 89.367726 38.523437
207 V 23.669324 14.070219 16.938851
208 I 73.386281 62.812736 3.017238
209 I 0.671349 27.608352 50.027952
210 I 29.876393 45.117035 23.944328
211 I 4.480033 58.705877 13.318062
212 I 4.786163 0.955823 5.257424
213 I 21.125142 69.274893 55.716122
214 V 11.376210 40.451968 96.635502
215 V 97.880069 16.265774 57.842319
216 I 50.189177 72.000935 65.464104
217 V 85.850576 15.314224 74.750609
218 I 32.319075 83.037024 26.604189
219 I 81.807881 39.012989 41.382468
220 I 80.521145 56.913939 78.034504
221 V 60.506949 24.309645 68.381593
222 V 22.373420 77.051784 66.439563
223 I 43.528616 52.456657 34.126240
224 I 34.367057 11.683928 27.914867
225 I 51.458915 19.410917 0.748015
226 V 80.472534 32.710579 48.533526
227 V 38.566086 35.682061 97.211793
228 V 63.496542 56.459763 20.206209
229 I 30.612433 5.885759 97.047461
230 V 61.017467 33.036748 91.180224
231 I 60.734883 76.549283 73.742544
232 V 66.256757 99.264526 59.916961
233 I 95.717987 11.774446 90.750120
234 V 70.058761 19.357296 30.631104
235 V 5.586624 96.384384 39.179650
236 V 46.624653 11.842486 78.511483
237 V 13.792880 26.388980 68.690417
238 I 14.500773 32.510938 2.716316
239 I 96.862669 96.486546 87.004850
240 I 68.559558 77.911489 84.059355
241 V 83.106414 62.281060 87.219336
242 V 4.748079 83.409809 51.948631
243 I 51.420810 64.651173 36.120481
244 I 57.111773 30.971308 78.868582
245 V 90.916106 43.970176 29.970380
246 I 87.485756 31.241677 95.053693
247 V 75.168556 28.770421 15.621537
248 V 99.525284 16.614219 5.059377
249 V 67.988030 43.600546 20.916207
250 I 29.907949 29.390362 51.921471
251 V 84.808392 65.651753 89.290166
252 I 81.091582 31.072223 98.896314
253 I 46.898828 35.219223 67.305247
254 V 70.774188 72.782973 44.377762
255 V 58.691525 93.083678 60.836380
256 V 26.871784 11.223033 5.069340
257 I 83.053984 94.639644 89.446867
258 I 70.676918 67.256251 8.605411
259 I 9.106476 76.397479 64.262326
260 V 6.479514 77.012827 73.815579
261 I 42.314547 45.328796 14.069617
262 I 89.659890 62.221010 27.618172
263 V 89.255787 38.194357 53.585898
264 I 59.658250 77.973563 55.501256
265 I 29.948709 64.190236 86.601220
266 V 77.024813 13.173841 89.867023
267 V 15.807006 47.263773 7.167005
268 I 17.147670 31.735392 68.990397
269 V 53.369693 15.712030 7.761974
270 I 55.151088 37.997703 96.745998
271 V 48.979231 98.448676 58.459484
272 V 81.317523 1.792766 25.400514
273 I 64.447796 22.905022 78.191487
274 V 61.926139 54.050283 97.526450
275 V 52.168518 84.582696 23.371126
276 V 93.002528 91.200455 97.124543
277 I 60.051895 16.408691 58.294530
278 V 8.926776 98.141757 85.021413
279 I 85.562669 95.280620 30.412460
280 V 9.816149 10.026693 25.396737
281 V 18.681595 32.267158 41.149525
282 I 22.407234 87.322653 89.849123
283 I 59.660677 97.296565 47.232785
284 V 24.463252 96.089746 60.809242
285 I 66.374035 91.463975 50.339773
286 I 48.002129 56.426549 48.100266
287 I 24.851414 44.773612 68.380603
288 I 36.466853 70.449375 21.008810
289 I 90.418131 12.786884 82.905661
290 I 9.307714 32.580797 11.018097
291 I 1.970667 33.391760 69.208133
292 V 20.726866 29.718934 97.680468
293 I 90.763363 39.882145 76.722006
294 I 7.359085 77.831208 65.310425
295 I 52.545255 62.399975 2.483523
296 V 12.496719 74.758989 86.475606
297 I 31.334638 73.345042 63.865018
298 V 2.798003 15.219291 24.248177
299 I 27.505760 58.602435 72.963434
300 V 23.896841 94.326351 38.979355
301 I 66.591575 60.753599 89.661745
302 I 82.490620 95.970848 0.360041
303 I 29.711061 73.499145 4.481347
304 I 31.546794 86.374830 20.744610
305 V 68.431626 38.210269 40.891025
306 V 53.720048 54.678153 86.516736
307 V 41.533595 4.446361 2.764299
308 I 60.597932 33.114835 31.787318
309 I 48.167066 18.462158 43.452039
310 I 30.834508 63.024571 69.823022
311 I 79.223600 48.117855 13.146527
312 V 69.356464 84.822352 94.162608
313 V 73.112967 67.552412 94.072979
314 V 58.091045 88.492754 84.506598
315 V 27.458192 74.323734 81.097554
316 V 60.096206 27.800935 89.158990
317 V 82.239474 10.954907 28.329722
318 I 78.883809 98.400113 28.836284
319 I 29.479427 62.604343 22.470409
320 V 50.657167 63.039667 26.706559
321 I 79.516704 9.973543 4.245114
322 V 41.731119 69.493952 35.210984
323 I 97.635583 0.876096 6.000092
324 V 0.541405 96.101251 57.209323
325 I 35.756729 15.467024 37.261244
326 I 64.127111 29.243704 69.800703
327 V 16.831041 54.750022 27.999742
328 I 39.510135 95.180633 35.793094
329 V 91.342043 68.726114 92.250595
330 V 64.576033 50.611677 70.814300
331 I 99.579987 87.722982 66.558074
332 V 68.356099 11.097311 11.987822
333 V 83.843421 89.528437 83.750067
334 V 12.491596 90.090604 82.901470
335 V 29.931476 51.098595 32.582649
336 I 19.630984 26.725420 18.246356
337 I 49.926261 84.499848 51.344280
338 V 12.630635 70.023106 65.756823
339 V 43.061442 67.148933 51.739101
340 V 19.560466 58.741454 48.602749
341 I 5.946196 5.090323 43.453066
342 I 84.860101 1.822514 14.649245
343 I 97.700397 34.484776 77.600114
344 I 23.529410 99.555639 9.329449
345 V 96.125676 46.746120 95.057950
346 I 83.127123 7.519891 48.556481
347 V 29.630113 46.515991 39.232835
348 V 30.487155 41.673184 78.047432
349 I 94.919054 96.144375 71.632932
350 V 76.842247 51.376336 1.419537
351 I 21.445868 68.074146 15.947663
352 V 23.841995 88.571291 11.845995
353 I 65.397280 86.000281 53.175696
354 V 79.288317 6.724802 51.386412
355 V 91.831540 29.153638 59.832690
356 V 82.174829 91.244739 78.323862
357 I 13.557775 27.163950 49.024324
358 V 18.210514 72.053113 11.616973
359 I 59.790852 0.678708 8.923152
360 I 57.941683 38.638589 97.482252
361 I 60.317578 24.151726 30.361433
362 V 3.056063 30.892354 18.679312
363 I 59.668494 14.175634 75.205591
364 I 88.027175 97.167347 97.598354
365 I 51.324467 19.368541 94.546430
366 I 38.090950 79.609760 91.898299
367 V 62.196321 90.829159 16.828158
368 I 22.903283 12.049951 73.404696
369 V 97.397468 91.494095 27.796871
370 V 25.494968 5.292390 5.588540
371 I 76.212874 68.860825 10.562382
372 V 12.056331 98.660296 85.234578
373 I 45.202537 20.480366 82.705270
374 V 57.614762 55.033996 25.002736
375 V 53.126222 72.116013 31.534400
376 I 30.826460 65.789383 62.455490
377 I 53.845417 33.681052 47.429512
378 I 38.786166 38.938159 93.436912
379 V 42.730929 51.832257 70.879669
380 V 20.856085 16.697340 41.435407
381 V 17.639501 66.092157 29.925479
382 V 99.115718 85.087970 53.132677
383 I 6.928404 87.570220 94.660216
384 I 93.861185 14.909453 26.888812
385 V 72.443124 16.093474 0.585669
386 V 73.555234 99.624095 73.201377
387 I 66.649909 13.893203 20.718366
388 V 72.008305 47.036820 46.794354
389 I 59.264267 39.455350 4.653292
390 I 94.737251 10.007515 4.822227
391 I 20.254913 91.198444 53.166640
392 I 32.093915 0.046553 3.089882
393 I 3.788881 31.380600 39.883433
394 I 30.453554 26.901366 21.080354
395 V 47.341087 32.368493 61.712672
396 V 4.296597 15.058624 0.273356
397 V 27.769113 58.411408 29.875326
398 I 0.912011 33.325902 80.051597
399 V 61.105631 30.664502 64.971162
400 V 68.039897 82.348843 93.472990
401 I 48.352833 80.396925 75.894392
402 I 83.720795 41.581561 70.736869
403 I 81.398765 33.870362 33.622458
404 I 11.944223 89.373900 16.307369
405 I 29.153472 13.285839 20.266616
406 V 0.108887 35.864782 19.828892
407 V 22.726093 55.878350 55.692076
408 V 93.093994 84.072461 10.428807
409 V 40.241176 37.999999 60.215797
410 V 82.913195 84.316668 32.624132
411 V 22.814646 15.613339 10.279531
412 I 17.960075 46.580123 14.730795
413 I 68.918572 11.664471 51.668572
414 I 28.708547 35.743661 87.540640
415 V 88.471803 70.384664 10.204044
416 I 9.648595 81.298355 81.126056
417 I 60.234187 6.292871 47.396978
418 V 77.667870 31.509598 53.672249
419 V 43.798265 73.278152 49.351449
420 V 36.740964 18.587653 45.842754
421 V 68.157100 99.104676 84.725243
422 I 35.450157 86.270305 41.371508
423 V 20.296537 90.883270 24.913756
424 V 62.373204 62.914742 93.310583
425 I 64.859990 2.660005 25.610583
426 V 58.414323 34.502642 99.629957
427 I 32.931731 31.375635 47.444038
428 V 30.538315 46.473371 58.476401
429 I 29.642081 40.904079 50.054097
430 V 81.434532 53.299243 14.432683
431 V 28.742306 22.263530 89.887352
432 I 69.113282 85.747510 12.972794
433 V 12.964250 67.775017 49.087893
434 V 86.451723 94.191279 52.186318
435 V 5.192094 6.509712 79.789519
436 V 60.768251 1.414482 55.272583
437 V 25.743213 64.893631 48.795296
438 V 88.609536 27.587247 67.956209
439 I 61.000876 59.925860 18.981069
440 V 9.019650 55.919735 12.147100
441 V 20.423057 90.696829 48.665691
442 V 11.285281 1.471148 94.932083
443 I 87.923708 29.862167 28.804574
444 I 80.532601 73.568580 30.336644
445 I 17.918544 66.205978 13.253194
446 I 66.104633 37.744762 98.011236
447 V 95.305870 67.568032 8.171733
448 V 85.804899 82.919408 28.955065
449 V 60.131119 75.027302 1.928452
450 I 48.603476 15.800226 28.720120
451 V 26.856054 31.469312 49.132831
452 V 26.127926 16.448343 57.092395
453 V 61.122974 75.471126 19.951911
454 I 50.797531 61.815669 18.027562
455 V 62.770043 14.566709 0.425150
456 I 1.897967 29.952733 97.410433
457 V 67.751178 46.295070 80.294370
458 V 73.162200 9.317196 94.202504
459 I 65.043972 84.514767 20.929472
460 I 8.280427 13.796392 13.296813
461 I 61.059873 44.520371 57.351369
462 I 85.206292 56.171820 76.263565
463 I 83.587388 52.179514 57.310734
464 I 12.439101 76.679337 75.431934
465 I 26.122876 33.252153 62.666071
466 I 85.338526 36.868680 20.827607
467 V 72.172061 12.336576 39.006841
468 V 55.077449 23.299962 62.467567
469 I 8.347883 98.253199 28.868800
470 I 8.100269 33.256351 6.652618
471 I 58.188287 52.358322 86.286063
472 V 87.200089 34.379868 8.409117
473 I 40.219589 22.054127 52.894258
474 I 29.090802 14.190195 16.419189
475 I 32.111210 90.494377 74.226567
476 V 6.526547 66.622014 2.700867
477 I 52.903527 44.449140 95.560541
478 I 1.788770 4.563446 63.402972
479 V 27.275880 49.440202 90.869956
480 I 59.754072 85.790349 9.392558
481 V 64.027289 69.231653 8.695541
482 V 34.988957 86.477704 17.602163
483 V 76.512829 90.353540 38.095031
484 I 85.589625 58.676152 92.911625
485 V 65.856252 45.616234 31.701377
486 V 23.446008 38.482279 9.877095
487 I 10.479039 97.478662 78.658662
488 V 80.297252 10.716532 79.793035
489 V 69.227800 0.817932 49.713993
490 I 34.439930 88.271700 0.183045
491 V 54.795388 55.482456 48.752304
492 V 29.533244 97.330564 51.411808
493 I 78.745496 7.129721 22.073412
494 V 75.688490 5.604711 71.367279
495 V 19.248043 91.532480 33.652585
496 V 23.754188 87.980297 83.615975
497 V 6.140842 83.158359 34.069924
498 V 82.474331 80.839896 20.910642
499 V 75.461340 38.208589 10.965833
500 I 87.084223 83.531462 12.458300
501 V 78.586052 67.554631 86.813500
502 V 39.917358 92.171107 63.704881
503 V 16.898943 0.423526 72.716488
504 I 17.698026 16.554445 18.662715
505 V 50.286697 0.650530 48.003262
506 I 61.894049 4.514867 46.250165
507 I 5.712818 46.021686 35.177348
508 V 99.439535 15.330012 0.564370
509 I 47.207387 42.318368 69.337283
510 V 66.061463 42.355685 13.055236
511 I 11.576913 59.763104 66.033611
512 V 74.873038 2.798151 64.699123
513 V 14.071748 61.293500 45.519394
514 V 11.813932 96.566335 47.933181
515 I 25.308597 21.494601 10.414361
516 V 50.439381 97.879481 88.504131
517 I 11.635572 16.109978 40.487064
518 V 55.507984 62.016843 27.004882
519 I 15.530083 4.938959 84.052173
520 V 22.567602 63.362405 49.948955
521 V 65.276850 36.512365 78.764430
522 I 52.077104 23.250320 16.589452
523 V 91.897207 94.500997 35.895012
524 I 8.591329 26.564679 4.139240
525 V 1.686924 15.522823 29.774854
526 I 30.829991 25.923615 42.870811
527 V 10.144563 40.706920 63.668629
528 V 61.674424 82.563186 9.244241
529 I 61.989614 78.634864 62.558021
530 V 81.460003 55.373130 78.662535
531 V 18.023872 95.337057 24.140284
532 I 93.640748 76.996012 87.741721
533 I 37.588169 45.930814 70.111921
534 V 6.993475 83.323237 43.503564
535 I 75.022807 68.734262 95.171702
536 I 45.400702 1.331564 89.198935
537 I 48.602507 48.167124 99.164263
538 I 82.618548 34.519564 83.753242
539 I 41.953550 40.848253 11.352204
540 I 59.150268 33.605796 25.962328
541 V 47.492212 94.533992 21.880376
542 V 57.935819 43.488407 69.731380
543 I 73.478831 23.575374 61.086439
544 I 14.264250 22.660593 75.427153
545 V 52.910803 93.609491 46.914049
546 V 62.086208 92.835249 54.694167
547 V 16.343213 3.330351 55.504011
548 I 3.997119 66.134353 21.423684
549 I 83.379425 80.660842 84.810264
550 V 1.832563 2.158179 14.726368
551 I 82.951119 91.196371 87.942449
552 I 20.549287 63.804723 54.090431
553 V 72.125524 1.653466 7.719891
554 V 60.663770 78.827800 53.694681
555 V 19.155116 39.423724 88.770491
556 V 75.905498 47.011568 8.994452
557 V 35.021660 76.741422 61.377887
558 V 86.985437 2.939451 19.117110
559 I 28.191236 75.276069 76.717992
560 I 82.091687 51.340422 41.711273
561 V 25.500562 47.645442 89.230453
562 V 95.408593 1.090206 38.266221
563 I 62.971524 54.878518 32.367409
564 I 47.222891 11.898845 13.353706
565 V 72.642302 72.569582 46.948427
566 V 36.947916 21.529115 49.562918
567 I 67.271872 53.075378 97.778258
568 V 98.139470 59.651760 79.145198
569 V 43.299488 58.651646 13.255292
570 V 39.851684 37.232024 84.588593
571 V 97.275626 9.697585 76.079617
572 V 20.856242 50.903631 46.130525
573 I 46.706761 21.539395 62.099023
574 V 7.635641 35.261014 58.728497
575 I 14.831492 69.802660 98.222414
576 I 29.660777 94.582302 32.202326
577 V 41.562145 0.605452 90.144216
578 V 61.614018 84.045474 42.852989
579 V 66.028666 20.502667 68.244479
580 V 42.543109 21.301886 97.120774
581 V 16.829704 33.735375 53.679543
582 I 94.361425 31.408639 10.820490
583 V 93.963268 76.769460 73.025113
584 V 49.606808 39.409516 95.162143
585 I 80.833958 45.673924 96.175438
586 I 98.989881 80.441547 11.348865
587 V 74.684730 62.961991 62.904889
588 V 18.303502 67.123810 21.395696
589 V 8.546662 36.933768 50.337688
590 V 25.828509 57.769511 37.772464
591 I 6.842947 29.390200 83.761858
592 I 75.438695 42.860740 47.028458
593 I 97.904247 74.053658 18.738433
594 V 77.592050 29.870891 92.079320
595 V 36.722030 2.336528 94.693904
596 I 99.188903 74.164481 34.520358
597 V 38.226269 71.453502 50.132078
598 V 84.633488 58.881397 88.713060
599 I 9.444367 77.755729 65.015096
600 V 39.211232 36.624224 87.744213
601 I 91.241495 21.406796 31.890910
602 I 72.706254 76.193264 37.069062
603 I 36.539113 80.852112 70.286300
604 I 74.917822 97.520382 10.219894
605 V 56.755907 76.384627 32.926436
606 I 41.557231 25.326859 4.125182
607 I 68.006698 32.214334 33.553466
608 V 40.508966 40.660026 20.683726
609 I 12.757478 37.269320 81.191062
610 I 93.085581 29.641337 46.737503
611 V 94.383600 47.505784 82.112873
612 V 18.317545 80.084619 8.391933
613 V 66.369988 86.032304 16.284166
614 I 39.472627 76.879663 53.066047
615 V 91.425393 97.083447 84.434348
616 V 60.555913 58.931881 83.361841
617 I 97.858040 68.075724 52.219271
618 I 58.941119 2.845772 54.775659
619 I 64.168547 77.998303 9.965989
620 V 49.753482 89.882019 56.631125
621 V 99.747509 51.577371 72.074885
622 I 92.959105 20.934237 56.098068
623 I 21.780432 1.251856 73.622079
624 I 93.207272 62.882207 95.989261
625 I 95.171706 6.438418 25.878026
626 I 62.943521 42.680109 45.848973
627 I 98.789279 18.813343 83.082674
628 V 72.822118 81.287351 70.440311
629 V 97.122932 0.751406 25.318162
630 V 69.788685 48.188732 6.351688
631 V 6.482620 98.859745 32.469230
632 V 16.853977 38.139545 17.762406
633 I 11.369208 10.681680 46.590740
634 I 3.013357 27.738203 59.964188
635 I 23.582839 93.236571 63.788436
636 I 44.500192 35.633698 16.579083
637 V 7.589589 14.007427 93.796974
638 V 53.265565 18.536040 47.343626
639 I 93.438536 48.524004 66.920925
640 I 86.907316 19.012551 67.177603
641 V 75.968373 66.520525 74.422953
642 I 19.678504 65.942657 87.057797
643 I 50.165971 21.681190 99.912750
644 I 74.465254 48.005357 10.156248
645 I 54.352429 19.692705 36.218696
646 V 16.306185 47.712622 82.652463
647 V 8.684186 43.093463 48.029704
648 V 80.893764 67.232626 5.652995
649 V 43.089921 79.005394 68.574797
650 I 96.584230 25.986213 59.807151
651 V 55.939272 13.598475 39.820190
652 V 60.216982 56.875984 14.498031
653 I 56.988475 87.350536 46.501507
654 I 10.432058 58.413423 15.606307
655 I 43.073149 3.833924 50.528757
656 V 50.568659 11.607659 92.546182
657 V 43.949991 14.486691 9.518097
658 V 17.154900 70.244946 2.579998
659 V 38.923385 41.265065 55.911786
660 I 15.803323 3.725562 47.756953
661 I 10.763018 35.874022 43.956791
662 I 69.089959 38.115156 45.987417
663 I 47.437267 14.682198 84.531551
664 I 44.757170 82.878472 20.462343
665 V 93.980679 17.377655 15.001820
666 I 7.291417 20.514682 55.851519
667 I 2.910084 79.796883 31.855316
668 V 94.547462 84.939089 69.147056
669 I 47.110119 82.531092 87.725003
670 I 44.599369 95.481974 31.481285
671 V 69.260627 32.220835 39.468820
672 I 52.623809 42.993262 93.827128
673 I 3.205230 94.343458 64.289644
674 V 92.476850 87.002206 75.323341
675 V 32.379687 24.897664 61.345057
676 I 89.695651 15.621036 44.531952
677 V 21.142631 47.918960 83.831583
678 V 87.183927 50.703315 2.769436
679 I 84.754419 22.779637 24.202073
680 I 76.870836 63.626321 40.194759
681 I 30.347457 8.006801 7.546458
682 V 91.279034 64.357554 22.419438
683 I 70.203070 20.334115 47.425930
684 V 96.620143 74.775405 20.121216
685 I 74.196146 99.895206 12.395914
686 V 30.838630 33.756067 71.332619
687 I 1.363652 91.338119 18.141177
688 V 16.090828 51.794096 18.880544
689 I 34.226440 4.025701 56.960385
690 I 49.970923 22.525707 42.106132
691 V 47.951941 95.820987 56.118466
692 V 85.004544 63.770042 19.955361
693 I 16.760743 98.978858 83.746485
694 V 5.665777 17.128765 83.615309
695 V 56.292725 54.152701 80.355858
696 V 80.316660 11.344479 3.589799
697 I 0.235471 51.177288 57.555622
698 I 79.766463 93.440234 77.667429
699 V 28.949435 76.679020 70.488112
700 I 82.534621 89.087003 51.073210
701 I 74.100913 82.615859 77.090969
702 V 88.065070 27.064689 24.306172
703 I 63.030866 2.062008 52.675546
704 V 1.140962 63.844318 90.311258
705 I 73.827076 66.454945 87.406987
706 V 60.094942 81.978953 70.087494
707 I 43.785854 92.611971 6.913399
708 V 32.039953 11.714006 32.299108
709 V 37.821410 22.310197 68.873227
710 I 92.560765 26.149245 35.002853
711 V 30.258172 21.501834 5.726419
712 V 68.825638 87.356053 68.956663
713 V 81.942973 27.889454 32.348220
714 I 63.428273 9.249213 72.771394
715 V 9.226216 72.387764 93.998317
716 V 32.038563 0.311189 8.974291
717 I 68.247661 7.164864 79.870211
718 I 95.890587 4.456167 96.521219
719 I 95.263545 64.993230 82.858272
720 V 11.475293 69.021849 2.353346
721 I 64.041229 68.091880 76.015870
722 I 25.806113 0.644337 43.123459
723 I 9.085324 64.866063 37.103913
724 I 91.390301 40.173095 61.106455
725 V 94.638555 61.738285 99.520254
726 I 98.786502 69.904287 2.203393
727 V 43.269333 6.226892 54.161501
728 V 54.057669 25.518172 95.069220
729 V 80.407816 41.365471 73.884142
730 V 44.673701 94.598733 55.952584
731 I 49.870331 12.706195 45.044372
732 V 39.721351 60.925484 74.603118
733 V 71.702215 88.467410 9.177206
734 V 51.421041 66.772674 76.697314
735 V 23.757590 60.876531 50.088114
736 I 49.355516 54.095259 82.900047
737 I 86.479340 50.311704 82.913113
738 V 94.935023 28.208828 87.405894
739 I 32.174194 60.360514 36.265678
740 I 76.479061 75.276746 99.026145
741 V 96.275654 41.208048 95.764213
742 I 76.709458 58.645794 14.018743
743 I 28.798007 24.046480 67.925664
744 I 87.274250 66.745659 1.368361
745 I 45.632431 99.176300 34.401882
746 I 5.461023 59.499835 29.704196
747 V 48.860175 23.252299 40.755679
748 V 72.540403 36.145354 27.939136
749 I 94.048061 66.459329 65.003190
750 I 53.052417 51.840430 41.060646
751 V 43.452317 37.517254 27.128553
752 V 5.972560 23.455787 69.700489
753 V 95.280129 9.008798 59.382748
754 V 92.037807 69.312897 51.017464
755 I 13.521146 0.991533 41.168952
756 I 87.386895 43.361396 18.409076
757 I 23.145107 23.723854 93.631760
758 I 19.379308 55.336102 83.631012
759 V 20.223186 92.298744 28.019674
760 V 66.661634 53.395262 62.285339
761 V 54.158401 30.819807 72.565484
762 I 20.829461 48.924359 79.405951
763 V 24.991590 68.683031 87.707424
764 V 46.726404 17.700359 86.414029
765 V 16.443509 83.668742 44.734701
766 V 35.798494 60.402250 97.248207
767 I 70.663574 97.802437 66.429412
768 I 96.928236 20.772938 0.803283
769 V 71.502665 38.525404 33.989644
770 V 33.875745 22.324673 15.796302
771 V 96.115331 91.015868 92.342228
772 I 41.628722 39.789613 99.540566
773 I 73.604996 5.816647 80.057006
774 I 59.543370 51.905086 35.207492
775 I 96.021304 8.793552 80.134083
776 I 3.510690 67.665561 72.498738
777 V 7.099042 68.758383 36.000037
778 I 97.459253 15.047959 85.075805
779 V 20.920615 86.722623 14.485254
780 I 16.637514 19.310037 77.244797
781 I 82.769275 82.958250 78.960581
782 I 14.621698 86.224521 88.957620
783 V 82.722430 37.650279 28.701347
784 V 51.636989 33.178425 78.662625
785 I 32.369973 25.977919 89.296099
786 V 22.247882 26.898441 12.745605
787 V 30.790537 87.586707 77.415019
788 I 85.076898 5.189749 33.952005
789 V 6.419365 88.312348 94.778728
790 I 1.082952 75.622097 73.188980
791 I 1.347708 37.297376 23.328285
792 V 68.783407 40.805211 45.408582
793 I 11.776919 15.016385 93.548687
794 I 70.287338 24.406277 30.795031
795 I 75.892206 86.391566 96.054598
796 V 66.432226 80.427281 95.358720
797 I 16.105088 15.005610 56.413237
798 V 56.903843 34.589775 67.543973
799 I 1.005301 95.719928 49.004801
800 I 56.024812 52.689423 70.061262
801 V 82.248034 19.321198 41.811567
802 V 41.735753 88.480550 78.700472
803 V 8.849672 5.495147 66.344763
804 I 18.963557 5.615510 97.609725
805 V 55.845075 47.527336 7.262276
806 I 51.686497 80.641384 2.672785
807 V 63.121421 13.132701 91.383271
808 I 76.807433 60.093093 90.097385
809 I 76.973899 91.300909 70.024172
810 I 86.980152 52.314825 71.667470
811 I 92.246834 55.119985 15.583622
812 I 22.493976 33.999646 34.168707
813 V 65.705585 99.186223 33.103037
814 V 93.993710 59.680487 15.000269
815 V 21.315445 60.888233 19.750192
816 V 54.193364 74.199411 15.287714
817 V 29.340119 50.791629 89.729645
818 V 6.396521 71.317905 64.164794
819 V 35.999759 97.726280 80.722568
820 V 59.692205 48.793625 13.596385
821 V 1.923303 96.166416 24.739824
822 V 77.057817 16.298123 34.883363
823 V 39.699018 76.437679 73.415430
824 I 50.359962 61.083141 35.987356
825 I 32.989719 89.111805 51.983991
826 I 22.510327 94.083929 42.330202
827 I 62.283279 42.009991 53.401498
828 I 81.318946 70.125628 29.375273
829 V 12.742204 22.899519 27.553308
830 I 51.170585 41.240396 8.295240
831 I 95.807422 64.455036 14.677909
832 V 18.188801 90.814459 56.588610
833 I 32.237939 86.572644 37.771042
834 V 22.495523 78.799165 1.710162
835 I 89.393174 44.468490 74.914284
836 V 13.107072 66.998150 5.625036
837 I 60.020846 52.075938 50.905442
838 V 91.963175 21.137681 81.169551
839 V 58.169629 1.501503 35.307093
840 I 38.159653 88.319098 98.065788
841 V 7.885596 41.407759 95.443113
842 I 2.711211 30.963915 14.586652
843 V 70.250679 44.261123 39.186748
844 I 83.095144 55.996623 53.785792
845 I 66.109830 41.299820 89.754757
846 V 53.523978 33.535520 81.083518
847 V 14.741036 42.805245 58.758999
848 I 19.037443 20.515950 28.780542
849 V 46.789955 93.671140 61.979110
850 I 81.148985 88.537038 45.386484
851 V 84.638517 78.031813 32.423997
852 I 76.555382 6.773350 17.522193
853 V 18.510658 75.999717 14.035388
854 I 23.313865 76.771873 70.438792
855 I 59.426150 24.126046 78.457986
856 I 17.501955 94.657681 78.227350
857 I 1.854994 0.418510 1.132880
858 I 89.510525 46.249161 56.078178
859 I 28.082943 91.158148 96.983980
860 V 17.839862 89.372272 54.077777
861 I 8.901056 79.907066 5.324844
862 V 6.563938 18.447902 27.793283
863 I 18.722710 34.552805 4.736346
864 V 62.791065 37.519121 17.800263
865 I 56.937622 7.754114 2.251645
866 V 82.296523 98.769604 93.179001
867 I 88.920816 42.659091 84.400742
868 V 67.190822 40.641437 34.854276
869 V 74.911130 46.985774 97.388384
870 V 61.590982 66.849462 88.056829
871 V 26.789075 61.680486 17.446884
872 V 46.763195 6.234201 93.222669
873 I 40.004300 38.469909 97.284254
874 I 99.192207 76.394268 25.931497
875 V 57.569854 47.938514 97.677257
876 I 86.358231 33.669173 39.673424
877 V 44.828560 57.331403 43.252086
878 V 49.775522 8.128557 34.953512
879 I 11.011863 86.714692 7.655669
880 I 90.764631 63.696451 15.196439
881 I 67.350179 21.514405 89.940083
882 I 23.651604 65.049989 49.367333
883 V 15.351478 93.732074 94.217941
884 I 61.499679 30.506277 93.025022
885 I 84.427088 61.848364 85.989024
886 I 63.677729 4.785842 91.981102
887 V 84.099408 12.877369 32.390205
888 I 65.347440 93.645118 27.260721
889 I 22.823928 81.973144 27.355232
890 I 72.755934 38.108793 58.272790
891 V 6.042299 16.436053 41.194288
892 V 64.503856 2.881090 3.654493
893 V 91.486049 31.684927 99.250507
894 I 4.932366 57.164064 39.596293
895 V 52.739236 94.124929 41.620280
896 V 59.349185 17.672616 88.906136
897 I 48.639726 79.119125 12.142343
898 V 9.742351 54.893731 21.312788
899 V 17.340096 35.087496 85.119424
900 V 56.159606 8.360235 52.865029
901 V 88.051143 71.075281 25.328516
902 V 78.258231 57.215034 82.786412
903 V 83.286582 52.497056 44.805522
904 V 18.401996 81.458733 8.490264
905 V 46.162223 19.986851 45.299166
906 V 79.389521 60.957756 55.046951
907 V 59.490070 11.197398 50.347822
908 I 46.765538 62.429632 11.593297
909 V 18.114761 5.531575 14.185277
910 I 15.680057 61.023175 9.816906
911 V 78.013799 11.816596 92.613849
912 I 1.316636 63.190717 40.512246
913 V 32.548078 36.903196 71.702625
914 V 22.791197 19.122406 12.641774
915 I 77.500175 37.191282 40.273474
916 V 23.077198 30.834298 94.111265
917 V 65.301629 76.620649 53.618332
918 V 60.548744 7.833857 6.987470
919 V 88.410402 46.735077 3.107061
920 I 5.585381 55.439287 31.067512
921 V 10.334943 82.620700 30.514778
922 V 3.654203 34.777810 53.704050
923 I 84.818997 86.400343 59.530154
924 I 83.330435 44.824353 67.520829
925 I 73.645847 48.886626 92.348943
926 I 1.297182 52.272188 17.626278
927 V 14.082933 6.066638 49.963103
928 I 91.683748 28.322156 98.108540
929 I 61.947674 72.040951 29.485921
930 V 22.438873 18.069148 30.587279
931 I 5.511830 77.562231 4.732254
932 I 12.459503 86.925913 79.015721
933 V 95.016523 8.869478 23.188602
934 V 49.918307 71.076463 36.288481
935 V 65.396427 34.327997 5.049496
936 I 67.593189 11.694723 52.077726
937 V 43.871736 72.920992 83.913095
938 I 30.959191 69.217486 7.152061
939 V 88.516198 57.570226 97.464302
940 V 44.417695 4.525044 24.059687
941 V 40.264736 84.590419 47.040362
942 V 5.773991 1.232709 85.363643
943 I 46.105399 40.593632 50.424206
944 I 1.627919 97.751917 0.641873
945 V 84.177385 9.525274 29.439238
946 V 66.399325 75.535992 51.328454
947 V 30.629805 56.221288 34.325757
948 V 79.676119 12.109877 22.150928
949 I 29.134327 97.998645 65.689650
950 I 18.666185 95.542046 90.247788
951 I 52.708052 92.378460 79.753412
952 I 46.131708 49.506875 69.608331
953 I 42.124580 27.969053 65.648453
954 V 36.593566 77.440118 98.775070
955 V 27.018431 47.487866 29.198748
956 I 13.984097 17.973172 86.680985
957 I 6.190072 36.139211 91.307723
958 I 26.410377 81.809261 50.590589
959 V 83.533956 80.401231 66.794650
960 V 72.094195 15.316897 0.374118
961 V 93.839129 5.255023 20.723972
962 I 15.724942 79.651230 11.283014
963 I 34.439960 56.764245 49.500737
964 I 52.975609 18.326054 30.447078
965 V 68.699607 34.443639 25.502164
966 V 65.019848 98.499857 28.724336
967 I 5.636805 46.980732 6.484401
968 V 66.330203 78.211416 94.207457
969 I 18.686426 18.198042 98.741293
970 V 85.968306 11.041848 56.658306
971 I 11.298450 51.477196 20.743604
972 I 35.280197 11.139399 35.466962
973 I 37.288935 67.275961 95.317562
974 V 55.408462 5.623608 99.483651
975 V 80.665813 62.621001 22.973334
976 V 25.337686 48.028884 28.653834
977 V 43.059420 41.684423 81.230176
978 I 93.787798 48.389850 20.121879
979 V 28.692639 14.298107 45.908949
980 V 66.509541 74.409147 84.194949
981 V 85.410400 40.879663 91.157992
982 V 7.033223 73.803374 64.581004
983 I 66.483718 46.141660 56.072445
984 I 86.849382 50.981994 76.701566
985 V 0.043213 98.256562 37.296635
986 V 20.539785 0.830378 4.756492
987 I 22.767605 86.542342 2.717474
988 V 53.037446 91.570495 78.543371
989 V 85.459331 65.828667 83.896942
990 V 44.351529 42.698695 46.777442
991 I 89.132078 77.468984 66.642808
992 V 60.519198 52.353918 37.774101
993 V 39.260224 76.418426 51.558155
994 V 33.646830 41.613457 84.576129
995 V 55.153351 40.440349 82.575522
996 I 27.012849 51.496466 6.292411
997 V 44.164684 75.254904 40.930539
998 V 92.391433 6.155002 37.381190
999 V 77.835816 17.587183 44.155829
1000 V 94.757167 22.953924 39.469768
