2000
1 V 45.099782 3.570353 27.571388
2 I 0.937310 45.014996 17.451225
3 V 27.010966 35.860144 45.745802
4 V 0.380361 35.816450 3.657365
5 I 28.518324 18.563041 35.713706
6 V 21.681188 9.511812 22.412784
7 V 41.585485 8.842085 21.212175
8 I 36.453708 11.048690 31.432913
9 V 7.044908 22.863853 5.592703
10 I 37.561565 33.113855 9.411792
11 I 0.811598 37.375147 4.287014
12 V 41.171137 47.155492 30.176621
13 V 33.772265 7.160976 23.885502
14 V 49.971734 33.285866 27.008544
15 V 14.271271 13.772845 1.376684
16 V 22.012458 0.882060 45.513761
17 V 36.160169 49.834551 5.478669
18 V 22.074423 31.676466 4.878926
19 I 34.138137 38.705723 41.638519
20 V 10.682283 31.492368 6.323855
21 V 31.274100 28.422653 30.714033
22 I 25.689914 32.863346 22.860777
23 V 37.391230 38.501800 40.767457
24 I 37.240486 18.410423 20.018772
25 V 37.592391 37.439947 38.131914
26 I 5.983328 40.818381 41.985606
27 I 8.658958 39.725670 3.297923
28 V 3.797677 33.419754 29.989710
29 V 35.824712 27.614222 6.344745
30 V 33.383046 49.786604 10.955494
31 I 13.401797 38.813519 21.617048
32 V 29.650206 44.375501 37.945178
33 V 34.629863 19.626599 27.597478
34 I 8.843958 33.803412 9.331898
35 I 29.090180 38.507319 25.804083
36 I 23.588314 23.824952 49.928360
37 V 22.055409 47.708089 29.045211
38 I 40.447014 11.412712 15.859153
39 I 5.900394 32.266318 28.046111
40 V 4.281975 26.783158 46.667218
41 V 10.364302 3.484807 29.540602
42 V 49.589475 2.131319 4.734011
43 I 14.014735 33.130810 13.248023
44 I 13.855556 18.003854 15.418189
45 I 44.611874 37.402419 39.786465
46 V 38.601418 11.169078 44.600699
47 V 40.144126 13.967103 20.420762
48 I 23.063529 30.599123 47.759040
49 I 32.480390 23.408982 42.149700
50 V 4.021534 48.635097 14.709938
51 I 21.358952 7.921438 11.150257
52 I 46.293287 10.325236 37.736619
53 I 27.682630 11.330534 49.169550
54 I 6.928582 19.139635 3.279485
55 V 43.168367 7.127948 14.469006
56 V 36.980638 27.702975 16.949061
57 V 26.675425 0.907048 0.402345
58 V 29.310930 46.190087 42.752751
59 I 14.997814 46.876469 25.289726
60 V 47.142872 49.319683 44.138360
61 I 16.538204 48.177960 42.670049
62 I 40.954825 25.242143 14.549665
63 I 11.886532 28.765256 25.539127
64 I 3.669144 6.883564 26.773346
65 V 41.420470 37.514989 11.548679
66 I 35.193214 9.809028 22.461905
67 I 16.380869 1.273132 23.417095
68 V 29.498544 45.113409 34.883987
69 I 41.260237 42.240627 40.535944
70 V 0.153446 11.799997 32.333069
71 V 24.517170 12.526444 32.015503
72 V 43.484264 34.890809 4.806764
73 V 47.236484 12.918772 45.096609
74 V 22.428564 37.910751 40.572988
75 I 13.190944 21.594002 42.974089
76 V 42.397823 33.462551 4.790567
77 I 4.730974 15.647802 17.416280
78 V 20.217320 16.458082 20.034205
79 V 12.723263 12.106842 42.656028
80 I 41.180546 45.748187 12.840653
81 I 18.512911 17.580857 45.238499
82 V 19.710247 10.931181 1.435487
83 V 17.269704 41.485264 1.321406
84 I 4.636545 34.253903 2.241852
85 I 26.916198 18.481729 13.656564
86 I 21.492253 11.635735 22.416465
87 I 28.896281 19.209336 29.544342
88 I 18.299297 44.711189 40.294924
89 I 46.546582 6.190186 4.977335
90 I 46.178298 18.511610 36.235789
91 V 47.764571 45.348576 0.638158
92 I 16.134048 22.697608 22.708340
93 V 11.722389 30.506887 23.467946
94 V 38.730003 46.057299 9.128050
95 V 34.299850 29.328298 26.134500
96 V 34.039898 6.283284 21.389619
97 I 29.322903 8.829335 8.552725
98 I 34.699442 12.914187 19.284069
99 I 14.007204 45.548565 26.742259
100 V 42.536511 12.885940 32.834881
101 I 7.711468 37.777459 15.253897
102 V 49.305288 36.571543 35.726309
103 I 46.358492 34.806885 20.169698
104 V 0.717238 27.380675 14.643489
105 I 25.734100 22.245629 10.381149
106 V 23.495027 36.942537 3.449681
107 I 2.828373 48.234854 12.298182
108 I 42.915130 28.875122 20.833743
109 I 24.100769 41.133260 26.633026
110 I 33.680637 35.335592 14.168187
111 V 34.827466 28.761203 18.555606
112 V 29.905121 18.752521 9.776309
113 V 36.295846 23.038798 5.296318
114 V 14.927729 46.045358 38.869646
115 V 17.105596 34.679960 1.645157
116 V 11.310674 1.052442 1.390933
117 I 17.525193 24.573845 21.998503
118 V 17.531891 4.473684 24.979242
119 V 16.099637 42.935392 9.086584
120 I 21.906892 6.772534 27.086571
121 I 30.231085 7.782957 43.465248
122 I 33.673660 20.500295 10.229772
123 V 37.098770 38.646604 11.448843
124 V 45.567065 45.898353 46.861963
125 V 15.520195 30.254729 20.815057
126 V 31.496200 5.514617 46.372556
127 I 36.146437 2.120125 47.506800
128 V 18.530925 33.225652 5.803257
129 V 40.310357 11.597848 16.201044
130 I 13.300347 27.082478 9.358678
131 I 42.096212 23.877926 40.404782
132 I 22.617044 33.534422 29.787773
133 V 43.507879 0.113063 3.760369
134 I 28.562222 16.307955 28.072207
135 V 45.647217 47.327898 37.878257
136 V 1.108590 36.845121 20.132481
137 V 3.259326 14.443420 28.829496
138 V 14.459064 30.754588 29.156627
139 I 32.050526 33.495945 9.521505
140 I 3.249775 26.980445 19.081338
141 V 23.421511 14.070308 20.810164
142 I 1.144722 24.644996 26.814536
143 V 49.577144 2.441741 39.325814
144 I 8.033252 34.986902 4.401760
145 V 21.653062 35.959623 12.370490
146 I 49.089446 44.887114 6.249862
147 V 8.800438 17.607769 4.660242
148 V 16.984043 22.459965 20.572457
149 I 9.579984 12.262629 9.537759
150 V 8.108409 42.893747 31.174020
151 I 32.587493 19.248138 14.025892
152 V 17.773797 16.782501 8.610376
153 I 49.251181 24.392283 16.085309
154 I 11.217220 30.558131 37.732164
155 V 36.229318 13.355885 7.872942
156 V 43.232692 4.000116 42.948650
157 I 30.901742 32.035943 29.849902
158 I 37.495586 0.373141 7.900995
159 V 0.423824 36.506244 27.952779
160 V 2.105089 26.392601 9.059725
161 V 14.019998 42.095280 9.098406
162 V 17.182340 9.173083 46.480467
163 V 0.391360 26.926128 15.670692
164 I 9.786788 12.821163 3.611197
165 I 19.495193 13.611369 3.939720
166 V 20.403921 4.304747 49.812759
167 I 46.214568 20.049097 8.595920
168 V 29.415493 39.906396 23.462458
169 I 27.950475 45.211673 5.109571
170 V 7.827316 8.434746 7.313536
171 V 0.011094 20.640305 32.835943
172 I 7.051524 5.729142 29.578024
173 V 46.437276 13.846319 7.617857
174 I 8.989135 23.789134 30.019940
175 I 3.767820 26.936817 35.083335
176 I 49.377994 36.913261 46.859223
177 I 18.949017 36.410100 48.410782
178 V 11.899755 33.606079 4.427982
179 V 8.682017 19.234026 32.503414
180 V 14.413429 22.368314 35.066399
181 I 42.760602 38.471689 7.186666
182 V 12.539653 46.873411 26.293504
183 I 16.368217 43.477026 48.349476
184 V 23.785679 33.764092 48.180014
185 V 2.615275 3.538916 30.085346
186 V 47.701769 30.667457 14.117446
187 V 16.515323 38.951973 40.978469
188 V 37.489469 39.952637 28.970277
189 V 7.260192 32.959593 38.563614
190 V 11.411159 9.456901 31.049389
191 V 5.672773 38.077494 23.012574
192 I 44.502577 24.768856 31.162059
193 I 18.661304 6.682582 8.022080
194 V 11.379238 28.783032 49.200408
195 V 13.703450 4.827849 0.444409
196 I 46.211395 19.594562 17.672489
197 V 31.252362 12.355628 31.107534
198 I 37.933058 10.924617 30.159213
199 I 24.172951 28.793491 16.870327
200 I 4.096671 35.336720 3.058245
201 V 35.174207 25.791636 4.754215
202 V 24.545850 48.322414 38.827041
203 V 6.826482 17.826631 23.287217
204 I 12.888170 15.446133 29.941014
205 V 21.338525 26.400368 20.781879
206 V 5.473744 3.566983 7.998684
207 V 26.185472 41.221437 3.470477
208 V 8.023116 11.837029 22.778783
209 V 46.789485 10.907574 38.423778
210 V 14.877406 38.069751 44.538907
211 V 20.932260 37.213917 44.831129
212 V 24.446835 44.940498 21.463977
213 V 7.517790 9.466820 7.806602
214 V 9.596420 26.842804 25.851855
215 I 40.815159 45.773670 8.445676
216 I 15.057493 43.664156 17.239347
217 V 34.497576 25.837788 10.406623
218 I 49.390830 21.992105 40.858240
219 I 47.931447 42.384878 42.465099
220 I 35.119553 41.021558 49.174731
221 I 34.476171 11.915486 9.218284
222 V 25.416258 14.557583 44.856894
223 V 12.579415 45.410872 26.778515
224 V 49.300079 49.837803 44.468154
225 I 15.680093 5.401785 46.347707
226 V 46.294108 2.355552 45.955653
227 V 49.121751 8.773161 6.711187
228 I 34.166853 31.026827 34.935527
229 V 25.805552 1.997262 39.047008
230 V 9.166310 6.137510 20.367717
231 I 43.405810 36.961111 36.751846
232 I 8.933790 20.830705 28.198728
233 V 25.464687 6.990334 18.183261
234 V 15.361118 21.400514 43.907491
235 I 43.855444 14.066923 14.716695
236 V 39.483713 39.250346 39.970992
237 I 44.792837 37.171849 2.329080
238 I 3.424953 2.134848 23.470910
239 I 35.673400 7.914539 41.957331
240 I 19.630459 27.934486 17.494812
241 I 22.638242 36.519278 38.383224
242 V 9.147756 1.766826 48.870976
243 I 43.473535 40.825561 26.821668
244 V 1.729156 28.644751 24.943966
245 I 32.450073 18.209565 5.025126
246 I 20.448355 23.599452 11.775309
247 V 29.477882 42.844107 4.811397
248 I 0.497786 38.134807 14.692579
249 I 36.362217 32.578420 44.291772
250 V 37.449992 13.736199 21.826287
251 V 2.639227 34.413456 43.979782
252 V 38.500697 27.846831 14.526180
253 V 43.857692 48.162319 42.131134
254 I 37.507219 40.056466 10.146927
255 V 30.576002 42.765765 48.306084
256 I 11.654779 37.671766 18.841487
257 I 13.061578 6.469098 3.691969
258 I 23.092097 35.229095 9.958188
259 I 34.070536 42.931214 47.521946
260 I 10.498134 4.845761 20.679976
261 I 18.369829 9.474898 15.261589
262 I 33.418433 8.581051 44.014578
263 V 3.394115 22.485177 46.855631
264 V 34.204283 11.092064 17.785914
265 I 16.130104 27.978891 49.485261
266 I 41.016060 0.387693 3.193979
267 I 5.544340 48.956655 15.862030
268 I 27.492152 27.749321 49.627983
269 I 45.843631 24.013965 6.324960
270 I 25.238143 17.248000 4.000902
271 V 5.874439 24.244171 10.157762
272 V 34.531762 13.856196 21.547459
273 I 11.859420 30.329400 35.270912
274 I 0.433337 8.768941 26.299086
275 I 29.283127 2.956542 0.197385
276 I 38.975171 35.891793 23.783532
277 V 26.109286 45.031162 45.914807
278 V 8.251893 19.711904 37.548855
279 V 37.454865 4.851777 35.681124
280 I 26.759706 34.834256 44.539719
281 V 26.209821 38.139979 2.763884
282 I 21.228465 42.548129 45.022758
283 V 37.657669 3.617792 46.213433
284 I 14.632506 2.808703 13.564389
285 V 2.346128 27.218858 9.967868
286 I 19.697067 25.534708 23.574883
287 I 39.347871 18.943755 24.798991
288 V 34.123207 12.441557 41.089929
289 V 48.602713 7.064474 44.500461
290 V 10.646142 1.391569 9.996209
291 I 31.505839 14.692121 32.336340
292 V 47.095258 26.671596 24.014825
293 I 35.524031 8.489148 15.051629
294 I 15.155450 6.855369 42.567799
295 I 13.483045 41.904743 29.937539
296 I 26.897542 27.657045 7.164258
297 I 5.263739 2.323402 46.808063
298 V 30.429124 48.225788 9.489305
299 I 35.219132 14.121175 44.338011
300 V 48.102670 48.216218 41.068250
301 V 31.892767 11.580762 34.361450
302 I 19.032750 13.083917 23.214905
303 V 48.805822 23.024366 8.497603
304 I 46.213251 33.800572 35.346391
305 V 41.463524 0.740284 45.824609
306 I 19.775774 4.760192 37.126252
307 I 41.310206 12.233409 2.422991
308 V 5.212930 41.739164 6.926919
309 I 34.342385 39.044032 20.431952
310 I 39.271862 24.712224 0.529107
311 I 38.047247 24.788890 3.394946
312 I 18.561816 12.516206 5.205878
313 I 15.139287 11.044166 48.766335
314 V 36.349273 3.551943 36.480317
315 V 3.131800 32.355630 40.295281
316 I 11.503942 10.701012 45.537485
317 V 38.205407 13.647337 17.771354
318 I 13.990404 15.399153 18.574916
319 V 15.428827 24.079441 15.503839
320 I 32.692026 29.118615 6.690864
321 I 35.526901 4.084974 14.470772
322 V 35.178165 1.804119 39.668575
323 I 16.231937 38.176414 2.242861
324 I 23.066475 0.368877 15.285967
325 I 23.026214 19.055442 48.057794
326 V 32.469266 36.174457 31.192206
327 V 49.702942 22.979916 33.928714
328 I 38.861670 13.421029 32.573018
329 V 4.524483 23.336130 22.374487
330 I 20.933624 41.111260 23.001586
331 V 12.636700 33.250097 43.793220
332 V 23.611221 4.143039 6.160390
333 I 22.658685 41.544754 10.792242
334 I 42.795226 42.984909 41.404775
335 I 45.769832 15.654042 44.611984
336 V 47.800639 38.529605 18.469253
337 I 41.512508 14.955024 22.391837
338 V 21.121152 31.975710 19.398349
339 V 37.966364 0.819838 6.425437
340 I 30.893316 28.224354 2.142374
341 V 28.489713 49.439839 0.954370
342 I 22.608476 31.715353 36.581827
343 I 1.204520 13.965991 31.885280
344 I 48.032645 5.098818 33.894377
345 I 39.535125 48.228102 31.564900
346 I 20.341418 15.530517 14.580847
347 V 43.427248 31.102797 5.683128
348 I 24.233219 49.212915 31.145108
349 V 19.253479 32.333339 45.671723
350 V 14.515265 29.009450 5.634905
351 I 38.015148 9.114380 47.244971
352 V 21.257148 25.391950 12.927917
353 I 46.553281 39.792074 44.409131
354 I 41.221436 21.274703 6.312816
355 V 38.716427 26.597321 7.839178
356 I 13.035940 24.514661 42.361692
357 V 25.383618 42.279073 13.391732
358 I 28.365587 45.434750 2.091274
359 I 24.051865 1.052396 43.408529
360 I 13.923337 10.334051 33.090025
361 V 47.251562 3.194136 26.912574
362 V 22.310657 34.414706 49.120530
363 I 26.602198 44.311897 41.654833
364 I 18.397935 31.486078 3.679828
365 V 42.499335 43.995232 0.454366
366 V 43.071825 11.575750 37.276111
367 V 12.366162 3.692058 33.551345
368 I 29.948661 47.853357 2.411597
369 V 16.028363 13.490475 48.676294
370 V 4.064805 3.796613 32.261329
371 V 28.241124 30.049752 45.840704
372 V 35.499939 37.839409 4.518917
373 I 33.279154 3.487566 7.911305
374 V 42.837825 35.390670 40.234015
375 I 39.814431 36.809165 42.382492
376 I 17.860050 8.848149 12.439733
377 V 18.710782 1.981834 28.314201
378 V 9.429213 0.102033 32.053133
379 I 39.576713 44.030654 9.067473
380 I 31.518654 29.045092 41.552879
381 I 4.954704 23.046438 17.959238
382 I 5.776691 3.101579 37.539427
383 V 1.739715 31.832867 23.294938
384 V 36.896541 16.506362 20.242466
385 I 6.475255 29.203612 15.889711
386 I 22.356310 26.628169 42.663409
387 V 5.657266 7.739981 37.019972
388 V 9.109418 45.623737 44.670687
389 I 21.978714 14.659050 34.303117
390 V 17.127049 28.220721 29.142588
391 V 25.332666 25.917800 40.817376
392 I 33.409143 13.371301 38.969181
393 V 37.740810 36.746327 14.886036
394 V 30.387518 46.604903 36.345362
395 I 17.793691 10.175808 35.760628
396 V 47.403168 44.425245 25.925694
397 I 7.726405 30.499899 7.922910
398 V 31.749923 35.000106 9.135285
399 V 47.139280 39.793166 33.998092
400 I 45.115296 30.585926 19.117487
401 V 27.150419 33.681813 37.283523
402 I 29.952558 11.163441 34.722193
403 I 21.219173 32.588033 13.166277
404 I 10.779221 17.639863 47.652023
405 V 17.510393 14.549320 44.413263
406 V 0.153721 21.390910 42.839549
407 V 37.451907 12.711864 29.825620
408 I 31.028003 38.268655 39.001785
409 I 0.444019 45.867055 30.015502
410 V 20.670931 28.407559 32.131595
411 I 2.145492 44.925831 32.816440
412 V 31.128021 29.382854 29.819401
413 I 49.109249 28.758463 2.429525
414 V 45.591721 29.299959 15.281219
415 V 32.842458 46.130466 26.627089
416 V 3.881377 45.524112 21.636228
417 V 45.450592 32.044644 31.306488
418 I 31.859361 49.895578 28.515542
419 V 42.714796 39.202309 14.065526
420 V 2.231120 4.312675 24.626565
421 V 42.947144 27.510914 47.309411
422 I 42.671503 44.639106 34.952632
423 V 15.099679 44.922051 3.793434
424 I 33.340463 0.869721 30.730367
425 V 42.908046 42.252925 29.174834
426 I 15.951191 49.049278 5.575737
427 I 26.215211 31.559984 19.973883
428 V 35.724570 9.895539 18.634330
429 V 14.336996 29.362721 42.221034
430 V 31.189542 46.886557 12.308933
431 I 35.398878 13.895089 44.713426
432 I 27.032743 38.392750 11.176328
433 V 28.188368 2.523627 16.010046
434 V 42.636082 2.737587 27.287364
435 V 27.969654 46.529358 37.896397
436 I 41.999400 0.466823 8.713933
437 V 16.080515 22.618633 10.403573
438 V 27.388061 45.870169 26.131210
439 I 0.971141 45.667094 32.326022
440 I 34.670440 21.268937 46.708730
441 I 28.232346 14.279083 28.339324
442 I 47.824411 25.640066 19.343358
443 V 28.553357 8.361176 16.987425
444 I 22.731637 0.564385 7.048299
445 V 11.261945 19.506477 41.843880
446 V 43.410543 10.858206 25.796325
447 I 30.436915 38.606701 38.755998
448 I 31.065999 40.747401 15.878000
449 I 14.213852 26.697242 24.361345
450 V 41.614833 48.663141 4.349164
451 I 34.387451 21.234668 11.263061
452 I 22.022381 37.618073 5.979180
453 V 21.262133 17.577580 45.085256
454 I 11.018267 18.776061 7.227985
455 V 14.196123 36.499716 16.950749
456 I 46.369713 8.028475 27.070897
457 I 40.021056 5.941113 18.529064
458 I 7.694589 29.563140 22.586408
459 V 2.448504 1.600218 2.092048
460 V 2.474074 40.227564 4.398711
461 V 14.196662 0.601191 33.665737
462 I 16.673796 2.542236 17.139639
463 V 17.165013 25.335085 9.633395
464 V 22.235792 15.514988 31.137618
465 V 3.629228 19.353123 36.442427
466 I 47.011939 37.373273 1.615617
467 I 7.793799 37.490609 19.224364
468 I 10.707686 18.512507 46.623836
469 I 2.233706 13.569183 22.995717
470 V 35.357727 8.758682 20.787719
471 I 42.492894 23.987067 34.700658
472 I 45.329252 8.999677 1.184027
473 I 17.272028 9.204760 5.685907
474 V 5.543789 18.035474 39.248584
475 V 8.853193 24.458638 35.296308
476 V 49.139885 10.203796 24.876337
477 V 10.303207 6.857079 29.476027
478 V 21.082664 9.962791 48.905257
479 V 48.696974 38.560816 13.655173
480 I 24.439802 39.485471 1.808872
481 V 34.157846 49.198600 37.599044
482 V 25.328829 43.788772 18.348953
483 I 33.940266 39.190123 27.351939
484 V 40.450571 19.381202 23.183731
485 V 19.588260 12.954079 22.530145
486 V 45.885171 0.083507 26.777329
487 I 15.511127 36.109264 47.557774
488 I 46.356230 13.057083 14.649399
489 V 38.751569 13.636758 16.117999
490 I 42.169333 36.591553 17.058708
491 V 19.329650 8.292980 19.859910
492 I 6.257362 25.783048 21.566593
493 V 49.484451 34.624347 36.195024
494 V 44.988749 19.193068 3.615757
495 I 30.218342 45.806365 11.334536
496 I 24.660850 30.894097 21.285589
497 V 40.421855 29.862798 18.491913
498 V 7.400540 38.997560 6.565092
499 I 38.796411 14.964947 26.806677
500 V 19.095086 33.945945 0.712156
501 I 34.289093 9.756026 4.281895
502 V 26.354565 37.414214 32.071674
503 I 39.153780 46.934798 15.339145
504 I 27.338916 24.900099 8.976476
505 I 6.054982 16.382949 43.498729
506 I 18.960604 31.155261 5.223054
507 V 9.533613 21.881054 46.391975
508 V 16.165592 49.242102 49.473821
509 I 8.300395 16.324769 10.072869
510 I 14.125668 21.079235 9.791278
511 I 10.198802 13.545707 39.544010
512 I 3.126821 39.527611 29.815360
513 I 30.014230 48.476775 33.424259
514 I 24.753852 18.942534 11.186234
515 I 15.574567 45.726500 43.575170
516 V 38.547514 19.389138 1.042792
517 V 10.621309 29.307088 26.648151
518 I 48.256833 21.999417 43.461058
519 V 21.522712 36.054740 6.559910
520 I 0.484960 23.054864 42.372639
521 I 37.989760 14.291540 19.504464
522 V 3.571056 36.712412 17.968075
523 V 11.422965 4.848448 38.176426
524 V 25.204916 36.612330 31.926645
525 V 29.164105 16.160784 10.174516
526 I 32.654000 45.188371 6.295152
527 V 34.438563 3.699620 20.615578
528 I 40.075960 22.306393 35.808893
529 V 30.074022 17.041623 34.742711
530 V 36.040970 18.520757 14.206716
531 V 20.990773 14.511345 37.585476
532 I 3.567931 7.044710 8.792806
533 I 28.484265 19.399220 6.272465
534 I 41.760501 5.698954 46.900576
535 V 38.846068 1.699567 48.951446
536 I 45.563899 16.374307 46.604610
537 V 14.310561 17.670674 27.243535
538 I 31.810023 20.944590 27.037300
539 V 28.521877 3.684995 14.422062
540 V 34.215774 18.815187 15.778748
541 I 38.689390 37.528121 5.647718
542 V 48.988808 38.691942 22.508042
543 V 21.891303 13.969910 6.228647
544 V 28.395288 24.305946 3.928264
545 I 3.829609 8.142075 22.133951
546 V 4.579092 20.046912 28.931143
547 I 2.738418 20.238651 34.806418
548 V 18.005740 19.620446 2.947885
549 I 49.827115 25.909600 29.834948
550 V 20.324010 2.086416 25.458170
551 V 46.637818 27.551780 29.108602
552 I 35.905558 34.333214 28.274650
553 V 40.631511 32.400161 21.345781
554 V 49.001074 10.397840 17.098689
555 I 46.228137 1.691076 19.534753
556 I 36.266302 44.917892 35.200024
557 V 5.714617 20.728428 35.250957
558 V 11.455198 12.489835 32.982885
559 I 45.586090 48.264060 14.249045
560 I 12.110924 4.159775 31.856241
561 I 35.439244 43.436752 10.339723
562 I 49.246818 16.993739 22.609353
563 V 36.562539 5.178069 15.706419
564 V 0.861129 14.800620 8.200064
565 I 41.031735 33.617896 33.130713
566 I 19.076321 34.944604 29.405029
567 I 17.179231 11.633311 28.661667
568 V 26.854353 32.833548 10.812430
569 I 18.517149 3.512279 25.505812
570 V 27.911484 18.092726 5.875842
571 I 32.731754 34.849341 3.308749
572 I 41.309598 2.714774 20.724473
573 I 25.617085 1.428121 2.215306
574 I 44.598287 4.631696 21.940025
575 V 49.874907 42.118066 46.929539
576 I 22.898038 48.704325 33.302246
577 V 20.856466 7.026374 4.055675
578 V 24.498917 45.227342 29.840086
579 I 9.212521 29.413668 42.163312
580 V 21.749380 14.763021 7.401277
581 V 5.108789 1.065034 41.059597
582 I 28.143437 31.473903 32.767453
583 I 35.486040 1.011099 8.255092
584 I 22.824555 8.573420 41.587385
585 I 28.125716 37.713038 40.579503
586 I 28.920525 33.865824 24.987699
587 I 17.802143 19.799915 15.210998
588 V 7.060083 12.710485 39.267899
589 V 26.404552 49.955522 12.936969
590 V 30.951666 20.509665 4.871497
591 I 23.369082 38.764064 43.906416
592 V 10.006271 9.662687 4.642839
593 I 28.812494 17.523677 38.476845
594 V 1.245133 18.918907 1.117802
595 I 46.095253 33.558184 21.315492
596 V 40.110673 47.085637 42.303377
597 V 28.299512 37.755614 20.664400
598 I 3.903422 43.839906 9.823330
599 V 38.912963 42.368950 0.724676
600 V 23.641088 35.588601 35.396566
601 V 0.101779 37.585699 18.438052
602 V 20.625314 7.428946 4.348097
603 V 40.273528 16.919571 27.004676
604 V 31.270665 19.839994 33.498463
605 I 47.471078 46.388746 34.371624
606 V 10.318502 16.606680 30.606864
607 I 27.856487 22.172063 1.532768
608 V 26.147014 49.251513 33.523989
609 V 16.260061 9.943529 8.754285
610 I 9.877187 3.372913 6.056463
611 I 3.577507 34.821790 43.502898
612 V 49.553681 5.932828 36.208148
613 I 21.293845 16.384532 37.541529
614 I 13.625675 25.431348 21.742647
615 V 20.257868 4.984124 46.474529
616 V 49.403845 24.075570 36.915258
617 I 8.955309 20.529767 41.062973
618 V 39.319351 15.898225 36.294982
619 I 35.238728 34.122021 10.447228
620 I 4.999674 28.506084 47.557256
621 V 32.573364 24.347899 18.482636
622 V 4.486342 28.852711 7.794244
623 V 1.797849 46.117541 25.531679
624 V 27.290356 17.636080 32.152177
625 I 36.694433 38.735806 42.101928
626 V 45.157106 38.765252 6.411950
627 V 15.650992 43.645057 12.605220
628 V 49.784242 27.109951 12.697058
629 I 11.096367 0.788226 7.835405
630 V 14.086431 2.714801 33.852083
631 I 0.575922 5.513884 26.036564
632 I 18.589446 30.210542 28.922101
633 V 21.390839 40.478679 14.852941
634 V 17.574526 45.539326 10.126863
635 V 5.306573 43.476473 21.324040
636 V 44.216408 10.285430 15.277468
637 I 13.861988 41.548849 4.477364
638 I 29.509049 16.696753 35.691902
639 I 20.539538 43.194670 44.853449
640 I 23.467262 44.000451 9.923728
641 V 17.980466 23.348717 49.480569
642 I 7.482861 25.375990 37.956841
643 I 31.212087 16.400498 43.120954
644 V 46.360458 33.378439 6.091940
645 V 9.150229 22.174696 4.673909
646 I 10.513808 45.840861 25.038590
647 I 21.833674 47.302448 24.489150
648 V 20.257580 18.060987 12.429689
649 V 4.896083 28.558032 36.790348
650 I 38.236195 39.705978 38.083961
651 I 25.434348 35.492924 14.678528
652 V 18.708124 2.277738 49.573530
653 V 29.434715 33.204495 6.903516
654 V 31.728902 49.753046 41.301084
655 V 22.417951 30.100490 26.543595
656 V 7.111635 32.155232 23.167630
657 I 36.743530 10.584026 33.630964
658 I 2.779975 43.680743 16.562159
659 V 1.455323 20.065390 16.063898
660 V 15.649619 45.032553 22.891195
661 I 15.106227 39.699619 42.733904
662 V 25.315936 24.341624 12.430316
663 I 35.195657 31.422252 48.181264
664 V 20.448102 21.313806 5.619570
665 I 10.806445 48.617197 20.917090
666 V 26.916203 14.413705 35.697474
667 V 2.582132 19.490983 2.623843
668 V 17.937233 1.385594 6.895114
669 I 19.652774 21.726927 43.741856
670 I 7.004383 18.655668 35.558535
671 I 22.396915 9.318534 7.195480
672 I 44.034816 30.489568 45.942991
673 V 14.587615 8.925398 26.884987
674 I 17.515230 34.610311 29.693072
675 V 8.069886 15.718996 6.452315
676 V 17.543317 10.013440 46.809914
677 V 20.402827 24.522690 1.890585
678 V 3.412936 11.769245 18.782128
679 I 26.647828 28.440839 25.834023
680 I 10.249494 28.539249 26.433267
681 I 13.387417 28.690325 36.241134
682 V 25.398704 42.606541 37.266948
683 I 47.704816 7.937865 7.884848
684 V 47.384662 10.464773 8.835302
685 I 42.164887 34.728247 22.402619
686 I 45.536709 11.932273 43.119041
687 V 31.311712 19.927502 27.916653
688 I 0.267204 17.397085 0.276885
689 V 25.297562 18.450436 44.276274
690 V 4.713467 0.568832 32.797093
691 V 35.374364 5.665888 0.981700
692 I 40.107151 31.761301 24.342117
693 V 28.467679 48.491739 1.224449
694 V 8.053305 48.757111 42.035452
695 V 37.611942 48.566386 39.620831
696 I 2.505055 34.606519 26.852411
697 I 10.294616 17.546997 30.320802
698 I 12.277391 30.887718 37.238639
699 I 35.825700 39.105979 13.830016
700 V 27.564738 39.088450 21.204208
701 I 37.606580 16.468767 47.053547
702 I 1.682380 7.805149 32.400957
703 V 2.007293 9.689547 39.842880
704 V 43.272996 47.702749 28.436678
705 V 19.592872 5.769818 25.200260
706 I 17.615065 27.104070 11.080515
707 V 38.385973 30.049965 15.740613
708 V 18.168879 39.845570 10.925618
709 V 29.631719 39.356076 26.045151
710 V 33.324945 20.462869 37.846067
711 V 27.409668 18.206618 18.950946
712 V 21.426600 47.154275 0.459680
713 V 4.199295 18.227533 22.767792
714 V 49.267567 11.241110 24.991387
715 V 11.391378 7.839972 8.966154
716 V 34.895856 33.946167 27.599921
717 V 11.232700 11.147025 29.159832
718 V 28.159624 0.212431 9.796984
719 V 16.238418 4.715955 12.563273
720 I 34.580122 40.477536 2.963794
721 I 14.357997 3.032668 14.948906
722 I 9.076791 45.365517 27.980914
723 I 0.736503 21.222861 9.662274
724 V 11.324954 28.001457 1.770525
725 V 18.876598 40.906194 35.493236
726 V 42.744187 41.620173 18.520927
727 I 5.357089 27.042361 16.372607
728 V 30.124219 18.823420 49.807456
729 V 1.069336 7.889503 39.838152
730 I 45.455618 38.554996 24.232651
731 I 5.203557 40.020989 33.291678
732 I 10.463069 41.115704 18.907768
733 V 43.135454 21.255283 7.765534
734 V 48.820262 44.583189 2.676253
735 I 36.072792 44.633729 15.025158
736 I 21.094596 34.296917 16.051904
737 V 19.600348 11.949984 30.741055
738 V 9.613835 5.823760 23.053690
739 I 25.211335 47.009908 22.087583
740 V 23.635853 46.233957 21.682072
741 I 16.370619 16.921309 25.302993
742 V 40.281388 11.321065 0.250681
743 V 9.729430 27.619798 34.509321
744 I 20.797276 21.718297 33.519661
745 V 44.145564 47.474478 14.796109
746 V 27.919339 1.841873 37.414917
747 I 47.582846 43.876243 23.490311
748 V 26.641229 4.216781 27.861716
749 I 21.568886 40.850487 1.821580
750 I 45.322400 17.697531 25.709569
751 I 38.420779 20.090687 6.221946
752 I 16.234357 40.026575 18.401699
753 I 31.872752 28.524265 1.851256
754 V 5.490095 14.945811 47.525348
755 V 13.434166 18.597065 0.549046
756 V 10.901394 44.603691 43.104273
757 V 40.189383 46.735500 45.713040
758 V 20.170920 43.622220 19.239968
759 I 22.383494 11.855042 19.944682
760 I 46.521976 1.136232 40.362857
761 V 32.285998 49.238607 21.805519
762 V 26.923237 11.157316 0.245406
763 V 30.402274 1.690890 35.729155
764 I 11.447688 5.764192 28.874344
765 V 11.362623 21.780003 26.034733
766 V 0.640353 39.549551 39.618735
767 I 20.958786 4.895283 39.599649
768 V 8.442968 41.598166 29.446361
769 V 4.999983 7.570747 43.342642
770 V 16.609700 23.331762 26.166120
771 V 48.225049 9.037672 41.827420
772 I 33.076146 17.244097 18.775454
773 V 35.935864 2.118244 2.481482
774 V 3.225297 43.420150 19.490293
775 V 16.109216 46.613502 7.233639
776 V 48.462514 12.341399 46.235902
777 I 4.508393 10.586872 18.102543
778 I 7.774959 4.722956 8.859019
779 V 46.800200 13.938046 48.764009
780 V 49.660796 32.050054 34.654131
781 V 24.785610 4.820629 17.594834
782 V 42.719454 42.857943 3.879266
783 V 27.906014 33.431217 37.975639
784 V 33.766824 16.468099 7.219524
785 I 34.159598 7.784038 22.713929
786 I 42.763804 35.648520 36.126959
787 I 42.662076 7.960742 23.042407
788 I 21.290835 33.648104 22.253889
789 V 16.849798 41.296266 34.990166
790 V 37.823598 46.658936 37.807766
791 I 34.702687 17.822392 41.259801
792 V 12.846190 20.004276 3.267378
793 I 32.954441 21.477029 35.567574
794 V 43.988299 1.837236 25.211242
795 I 25.558839 28.336290 1.883014
796 V 47.943647 37.934145 14.489749
797 I 13.434140 34.117085 16.652909
798 V 26.375009 34.380026 47.052958
799 I 40.493651 1.293385 31.783332
800 I 44.957973 5.698637 35.076540
801 V 44.234457 23.266160 32.237681
802 I 27.164649 20.184297 41.066916
803 V 24.576603 9.881775 27.288450
804 V 21.688473 3.871168 29.149594
805 I 30.933314 2.816514 33.352337
806 I 6.675733 27.724248 35.584831
807 I 26.547679 9.440641 21.168287
808 I 22.131833 34.385970 47.993306
809 V 35.070440 3.254184 37.224894
810 I 28.561567 9.360024 28.489854
811 V 18.288248 36.682029 36.690419
812 V 45.429203 19.701372 20.560257
813 I 17.382623 11.338427 16.736061
814 V 16.108972 43.855270 41.048586
815 V 29.293127 7.473036 38.021186
816 V 28.445834 20.295188 39.020980
817 V 25.080158 12.457164 35.399929
818 I 24.216670 1.814234 13.085055
819 V 15.501827 43.309726 42.483489
820 V 1.941952 11.856511 25.861012
821 V 18.384034 49.515257 1.504896
822 V 46.279489 29.846326 34.519741
823 V 46.612551 31.326156 10.163048
824 I 6.360851 30.797345 27.016221
825 I 36.248116 10.479383 5.027779
826 I 0.583103 22.834126 46.260158
827 V 28.399524 13.523527 49.129588
828 V 37.725620 0.475049 0.683214
829 I 4.057371 11.488339 0.882470
830 V 45.231487 9.785054 1.822919
831 V 27.720386 42.995642 14.260151
832 I 24.858354 19.056453 25.134576
833 V 31.681354 26.841644 46.006049
834 V 25.631045 4.575481 24.696950
835 V 46.316440 13.143391 48.724595
836 V 27.491158 48.175280 3.894893
837 V 44.299355 12.169910 29.865637
838 V 38.507052 43.799326 46.889874
839 I 43.832038 21.306197 44.707855
840 V 26.373559 44.745530 11.484602
841 I 13.420673 34.333903 36.801587
842 V 11.185660 42.194316 11.737366
843 V 44.773673 32.021349 12.292484
844 I 40.270443 10.348649 3.231157
845 I 11.547449 3.155129 5.210889
846 I 44.347219 21.133911 43.016745
847 I 43.805875 25.249013 48.260903
848 V 12.328503 17.153593 14.931748
849 V 39.749441 18.023723 18.278032
850 V 46.464949 37.166016 7.816805
851 I 18.158055 40.531085 42.643806
852 V 16.816421 48.140743 33.690710
853 I 46.019809 4.944367 1.813759
854 V 14.501518 14.926602 6.221519
855 I 22.377789 30.909171 32.337207
856 I 49.846014 6.226633 24.003740
857 V 17.108974 4.059734 45.538247
858 V 31.198398 45.495956 13.289021
859 I 16.631285 39.636559 9.214387
860 I 9.845063 11.943987 47.519086
861 V 29.999120 41.650911 15.457796
862 V 10.544278 32.125662 48.168439
863 I 43.067067 31.190113 39.909065
864 I 33.080171 37.769326 7.038995
865 I 49.239904 8.795231 9.142351
866 V 34.048939 40.606150 18.837487
867 I 25.947771 23.779974 12.971207
868 V 23.723828 24.369033 19.916000
869 I 19.906688 15.001952 47.249654
870 V 27.977293 13.248246 21.591401
871 I 27.820420 10.321926 6.895793
872 V 19.732353 44.487015 32.740839
873 V 11.447135 4.460010 2.480852
874 V 4.443851 41.608811 37.691899
875 I 43.182597 23.334350 1.888660
876 I 23.123448 43.295547 31.968364
877 I 40.408550 35.250319 1.579387
878 V 35.977343 9.756207 22.995110
879 I 17.369508 19.529813 23.915795
880 V 4.855427 40.770516 34.185306
881 I 18.056830 29.187930 24.996177
882 V 45.703161 20.789642 20.837211
883 V 36.523282 6.272115 13.136088
884 V 21.690638 11.253805 22.169527
885 I 42.272144 1.432154 27.270012
886 I 20.926116 44.701587 2.034813
887 V 9.554923 34.738143 0.640808
888 I 24.353536 42.308745 25.115022
889 I 45.375657 3.747683 15.435262
890 I 7.461863 28.983310 38.381216
891 I 33.511291 39.782027 16.061202
892 I 0.554548 7.230402 36.248587
893 I 38.009982 27.782872 49.853016
894 V 22.192631 24.638257 42.403169
895 I 25.333788 15.998574 4.547547
896 I 27.990924 25.291669 17.483537
897 I 34.068798 18.577656 21.362893
898 V 12.121839 20.370637 14.925886
899 V 33.937256 44.969876 31.799378
900 V 9.257416 41.241738 2.116715
901 I 20.034241 23.408136 43.506211
902 V 3.752119 26.888771 26.013934
903 V 41.213440 28.171016 24.399157
904 I 4.521578 40.650110 8.291349
905 I 8.734004 45.464179 24.643416
906 V 19.599906 13.759364 43.848179
907 I 30.271022 35.018302 35.818507
908 I 23.438617 31.406461 17.450936
909 V 27.476327 49.962630 28.728237
910 I 35.935637 11.856407 29.933645
911 V 21.673945 44.820628 33.795066
912 V 42.381515 28.709392 0.697578
913 V 12.082247 37.115756 40.101946
914 V 11.360155 9.454000 27.354088
915 V 30.674203 32.926332 15.960921
916 I 16.718117 37.751831 14.462838
917 I 29.301035 5.763219 40.356541
918 V 35.066653 4.139867 12.708711
919 V 16.197653 28.572055 20.207267
920 I 36.173218 9.765160 47.521180
921 V 8.162526 17.685040 29.803547
922 I 8.981496 14.922201 42.413978
923 I 44.245832 22.766515 36.603312
924 I 41.210991 15.662360 45.709864
925 V 2.474559 5.398804 38.304828
926 I 7.252579 33.623903 42.862478
927 V 35.882505 8.641134 30.864363
928 I 20.768688 15.096208 16.837681
929 I 12.071196 47.741949 33.607469
930 I 16.066831 24.394767 40.343349
931 I 34.857832 36.917215 2.790414
932 V 24.517885 48.858340 30.623468
933 V 2.237333 17.900679 5.397829
934 I 32.296875 33.926867 13.819682
935 V 44.855617 12.641791 18.707433
936 I 27.292554 38.095354 22.975048
937 I 17.340802 43.162118 45.258376
938 I 1.825733 18.483107 41.228780
939 I 29.280741 34.969602 25.328868
940 I 44.196652 40.697577 46.107414
941 V 39.266846 14.633786 32.096036
942 I 44.266279 6.629963 27.028664
943 V 34.589079 45.584293 45.055810
944 I 26.385387 25.739273 10.357426
945 V 45.099996 10.018316 25.199146
946 I 24.798472 11.127708 2.161039
947 I 49.650862 33.963271 34.637835
948 I 20.625434 0.264529 0.371261
949 I 15.148276 0.531206 42.719804
950 I 33.541818 36.442194 25.691784
951 V 40.467388 14.980451 10.282899
952 I 11.855073 21.126468 5.851187
953 V 28.170618 18.134095 21.906612
954 I 36.738434 20.344290 15.567648
955 I 3.474493 14.120514 7.310252
956 I 47.412679 41.410135 28.118894
957 I 19.358994 22.685110 37.974366
958 V 1.893346 5.416410 15.986332
959 I 35.690645 3.495483 21.140424
960 I 30.208803 36.247409 37.941792
961 V 46.293369 15.181747 2.306459
962 V 30.224834 3.661133 40.170866
963 I 35.242672 23.332354 27.696051
964 V 39.454438 14.777363 23.781996
965 V 44.871382 21.173195 46.573613
966 I 23.198034 24.025610 25.555130
967 I 38.544562 8.178744 36.255080
968 V 45.108016 12.506557 17.969158
969 V 27.370471 16.618771 13.932871
970 I 40.406939 5.566212 12.769274
971 V 12.830068 12.788597 9.195738
972 I 15.370453 9.625468 33.173931
973 V 1.685609 3.524005 40.550316
974 I 15.512272 18.453619 42.876175
975 V 42.498267 15.164445 8.222484
976 V 37.829296 46.052225 36.343814
977 I 27.262410 33.866909 6.315978
978 I 38.426357 3.588999 5.314959
979 V 40.059345 7.815084 1.985730
980 V 37.414431 34.354727 41.882634
981 V 13.004505 0.144155 49.681668
982 V 33.209355 16.230146 5.434898
983 I 35.317276 42.227853 1.418547
984 I 5.214117 22.521076 5.516540
985 V 37.546859 39.375053 23.614954
986 I 36.657762 27.436223 26.438547
987 V 35.463445 10.240000 42.592469
988 I 32.243144 35.528937 32.613463
989 V 27.214105 3.029139 5.040961
990 I 4.184391 12.589557 38.186569
991 V 17.634080 24.302463 4.527428
992 V 23.270232 15.130818 4.761204
993 I 15.131719 20.968686 6.204034
994 V 49.161570 26.795552 49.542107
995 I 15.074776 29.138154 45.436305
996 V 3.195973 46.663574 43.202921
997 I 24.691737 34.502354 4.156655
998 V 6.926142 11.049766 21.296952
999 I 45.184493 35.032035 15.220753
1000 V 6.051930 46.187080 47.862184
1001 V 16.993914 18.191484 42.377130
1002 V 16.146197 13.080045 38.808793
1003 V 5.571497 12.223401 44.950174
1004 I 24.461502 10.247873 32.564949
1005 I 5.545714 22.022453 12.509076
1006 V 43.268322 36.719303 31.561467
1007 I 29.797977 5.413625 49.344048
1008 I 15.931835 9.542713 14.518127
1009 I 24.660758 41.208117 45.325632
1010 V 30.098930 5.992102 31.616202
1011 I 24.377529 18.909393 48.660960
1012 I 27.790160 10.646996 29.870629
1013 I 45.796807 48.705701 23.749977
1014 I 23.114734 36.386198 15.800039
1015 I 16.335805 46.464704 43.437151
1016 V 32.062371 3.565196 20.715057
1017 V 19.450970 32.879578 19.351917
1018 V 29.241683 47.315998 23.716710
1019 V 4.049294 30.366759 13.745039
1020 V 4.248861 37.606119 2.330128
1021 V 20.712500 24.071163 39.574500
1022 V 45.293367 21.495088 32.418983
1023 V 1.850036 11.968506 2.819327
1024 I 19.315743 45.477684 5.131237
1025 I 31.408355 24.685706 32.269321
1026 V 24.504891 21.407688 20.815042
1027 V 42.157405 35.682277 14.591039
1028 V 22.539274 2.867462 18.731902
1029 I 27.021945 19.094433 36.842755
1030 I 0.095827 36.549388 46.006796
1031 I 42.854379 32.380072 6.124424
1032 I 22.196619 20.166842 44.696744
1033 I 49.593065 42.087051 18.324584
1034 V 46.800375 30.484535 32.816324
1035 V 1.178635 32.297421 18.024316
1036 V 16.884256 8.851570 30.302478
1037 V 26.065966 34.083156 15.258994
1038 V 12.698481 47.118908 48.338229
1039 I 29.142929 40.984972 11.152045
1040 V 47.528018 6.631639 39.012057
1041 I 2.575551 23.980193 13.265074
1042 V 5.843811 40.331644 14.079648
1043 V 43.267295 12.364565 31.863920
1044 I 17.894798 20.881001 30.510905
1045 I 49.859459 24.943405 43.406543
1046 V 10.171874 41.832798 42.953049
1047 V 0.502107 29.227385 14.461880
1048 I 48.552736 16.711403 42.105798
1049 I 16.107033 34.295867 21.145111
1050 I 44.687245 14.475161 24.751883
1051 V 36.322296 5.046270 47.994899
1052 V 12.646440 30.899574 14.323133
1053 I 16.234708 5.768652 24.785663
1054 I 7.457698 23.187201 11.793509
1055 I 31.311345 41.124867 1.376065
1056 V 37.834643 26.217163 3.799212
1057 V 27.118865 37.947919 46.112223
1058 V 22.685315 43.628750 36.990022
1059 I 2.861057 45.406388 30.692355
1060 I 30.233280 33.279513 8.168342
1061 I 28.536355 34.651363 11.982694
1062 V 7.223666 15.652645 23.529410
1063 V 38.425250 6.741146 40.446075
1064 V 17.882665 28.699789 36.910894
1065 I 3.172756 16.700796 10.769877
1066 V 35.841392 43.029860 10.520600
1067 V 18.498403 3.193645 35.651382
1068 V 18.465768 38.960968 15.575637
1069 I 32.523512 12.842377 38.600340
1070 V 4.144020 20.409596 20.550811
1071 I 6.538271 2.653082 9.464272
1072 I 22.440754 46.407801 0.490553
1073 I 39.029285 18.161470 15.659946
1074 I 40.819682 20.320075 29.285881
1075 I 37.552629 41.577064 17.599389
1076 V 20.165922 13.437822 37.210194
1077 I 6.880436 45.303847 11.284476
1078 I 21.808779 46.000361 23.760361
1079 V 23.047967 31.427644 42.327977
1080 I 32.328328 48.210909 1.904599
1081 V 23.546709 28.242730 33.884058
1082 I 5.314173 25.363258 3.098057
1083 V 23.493244 6.091738 13.601673
1084 I 31.518841 41.828345 25.795221
1085 V 13.140256 8.268995 4.597461
1086 I 22.516413 4.047297 5.005433
1087 V 18.410148 0.632430 17.966212
1088 V 44.662917 11.933301 0.999807
1089 I 27.693328 3.575172 12.906620
1090 I 24.539023 10.635676 11.840389
1091 I 33.045192 7.378401 9.896943
1092 V 23.938053 22.174514 15.607613
1093 I 9.478866 27.507747 13.684800
1094 I 26.061908 12.340531 48.328006
1095 I 23.335888 35.257346 17.560314
1096 V 42.430985 33.077133 8.152159
1097 V 48.302494 27.208811 34.381114
1098 V 18.335627 1.970963 12.870991
1099 V 28.547163 46.533432 43.206889
1100 I 20.995360 41.347418 46.971450
1101 I 16.259340 1.209128 8.317848
1102 V 43.963235 25.216832 11.511378
1103 I 30.895308 27.048058 18.748017
1104 V 18.860664 22.185058 21.807079
1105 I 32.400489 3.101223 48.150963
1106 V 7.700817 8.012822 16.493976
1107 V 29.775130 9.632184 11.275121
1108 V 44.606451 9.217043 48.360676
1109 V 19.421924 31.705930 3.628251
1110 V 12.960266 8.246373 12.322049
1111 V 9.934375 41.762564 49.076205
1112 I 37.630331 24.710459 40.278299
1113 V 1.532726 1.973963 4.466146
1114 I 0.440008 34.325964 7.742474
1115 I 33.860464 32.884793 1.039612
1116 V 21.954848 5.143727 15.193067
1117 V 10.707647 6.401053 42.732678
1118 V 42.642937 19.208442 24.664522
1119 I 39.835574 31.751291 4.144110
1120 I 13.011022 35.488373 21.928175
1121 I 11.378565 32.564311 21.224495
1122 V 7.288049 22.715720 6.328712
1123 I 1.725332 7.863179 30.708137
1124 V 30.593238 38.906225 14.727423
1125 I 38.743655 1.607727 27.562375
1126 V 32.135052 29.405804 39.952450
1127 I 10.295140 21.343227 44.447607
1128 V 27.961747 23.897725 9.272492
1129 V 14.028114 0.187589 44.315064
1130 V 7.458350 5.490919 2.681906
1131 V 25.119524 5.727314 46.821131
1132 V 18.697709 12.588703 44.440782
1133 V 11.564322 10.618190 1.030338
1134 I 16.639848 33.236615 23.791537
1135 V 15.340681 3.821730 12.829505
1136 I 9.035541 19.162389 27.546669
1137 V 2.598178 49.128839 15.359202
1138 I 35.944987 48.090042 1.705434
1139 I 28.277592 31.614819 40.126503
1140 I 20.958338 21.794332 27.520328
1141 V 3.514263 44.406409 11.274063
1142 I 20.961489 44.300497 29.211067
1143 V 36.136634 35.110889 17.136977
1144 I 16.817837 39.480009 39.282476
1145 V 18.400276 43.529663 29.025561
1146 I 14.668241 22.888255 44.414651
1147 I 15.739132 16.355361 47.523135
1148 I 6.197790 25.634072 32.043724
1149 I 48.064475 27.932623 4.352363
1150 I 48.453085 25.917624 33.517007
1151 V 4.001658 31.072585 6.733017
1152 V 6.994652 29.303078 25.076606
1153 V 31.413903 34.407974 25.588774
1154 I 20.759694 19.262048 1.066331
1155 I 29.995553 10.436007 27.635638
1156 V 23.311212 41.079876 28.965469
1157 I 36.323551 6.342281 31.099094
1158 I 30.284252 25.890292 21.230537
1159 V 44.089491 39.544158 6.949979
1160 V 34.716070 48.965829 5.494007
1161 I 20.165330 22.031326 2.275942
1162 I 31.648982 40.304311 23.104213
1163 V 48.643958 28.411613 26.125899
1164 I 5.159467 41.283314 3.472216
1165 V 43.403708 20.919265 15.950975
1166 V 36.810346 15.621144 7.736139
1167 I 49.380823 41.040515 12.625664
1168 V 0.975067 23.736972 14.447994
1169 I 36.841754 1.512938 22.923801
1170 V 34.660362 27.322905 24.663332
1171 V 39.909233 33.437295 0.099839
1172 I 35.248567 16.999511 42.817438
1173 V 16.653784 36.716983 25.634895
1174 V 19.360674 12.256246 39.462189
1175 I 36.191405 35.264287 1.911265
1176 I 46.451609 0.799075 40.250437
1177 V 15.820550 2.010908 8.856594
1178 V 47.926882 47.506031 33.682140
1179 V 31.765845 28.095070 19.040310
1180 V 21.848955 1.340245 49.878902
1181 I 27.497743 16.800296 42.329108
1182 I 22.119015 40.985359 12.492588
1183 I 33.519409 39.616521 42.234118
1184 V 27.674056 33.682897 38.000305
1185 V 18.617716 43.736044 46.815101
1186 I 45.359061 22.916069 38.229835
1187 V 46.480522 38.172718 29.747263
1188 I 38.344715 40.110205 40.404291
1189 V 32.745800 23.585421 16.018126
1190 V 15.641704 0.356292 17.946706
1191 I 47.614738 4.900317 4.021378
1192 V 9.809709 49.922589 18.590128
1193 I 12.112873 43.260654 35.811364
1194 V 34.578835 16.582093 44.439819
1195 I 23.539633 32.681035 42.833172
1196 V 24.244417 27.398076 20.752713
1197 V 37.323312 20.035875 4.406240
1198 V 43.135709 9.520550 12.853739
1199 I 18.739131 17.476428 36.222691
1200 V 35.536531 0.515170 22.890940
1201 I 24.551057 30.443302 6.058578
1202 I 39.457752 37.470303 31.794322
1203 V 14.391400 21.029115 27.412222
1204 V 42.538918 48.961234 48.816007
1205 V 27.284382 32.832287 43.186440
1206 V 47.061186 23.025242 40.040149
1207 V 17.261406 10.229454 32.775987
1208 V 20.389232 4.970068 36.640402
1209 V 32.636860 22.362116 18.179329
1210 I 41.490513 11.289624 10.271057
1211 I 2.172354 7.316992 4.521458
1212 I 25.055192 40.397793 38.405715
1213 V 11.700263 3.846775 20.284020
1214 I 47.540030 28.766569 44.176304
1215 V 49.259089 32.400548 19.820695
1216 V 32.477506 47.750112 23.968232
1217 V 17.324066 29.915054 29.453046
1218 V 25.368552 35.354497 14.230714
1219 I 4.261700 7.307939 27.959848
1220 I 33.076826 27.737892 19.034407
1221 I 36.805495 43.237463 39.381965
1222 V 44.141767 24.764838 2.174419
1223 I 38.388317 29.471911 4.189370
1224 I 45.243730 0.888800 19.781892
1225 I 12.260171 9.379236 43.992164
1226 I 15.879724 1.535825 20.185758
1227 I 18.191624 30.819426 19.653665
1228 I 4.825513 5.165635 1.881890
1229 I 24.488794 46.090367 40.887969
1230 I 16.485467 26.956964 6.481808
1231 V 49.393366 20.049105 8.567270
1232 I 6.968136 30.664319 46.158964
1233 V 25.134455 17.368564 18.491732
1234 I 11.287143 23.906699 28.082898
1235 I 32.298155 6.832508 40.002523
1236 I 33.481042 45.474382 15.119356
1237 I 46.616179 16.422345 22.821110
1238 I 14.878984 10.212902 1.239629
1239 I 33.000114 12.138578 2.255310
1240 I 33.551548 4.094463 17.817421
1241 I 44.917223 23.945381 32.134029
1242 I 29.422235 12.560468 4.430073
1243 I 38.275088 12.013776 44.950789
1244 I 18.716476 24.108148 45.156774
1245 V 44.395116 39.994823 4.417136
1246 I 2.906760 6.236942 15.869182
1247 I 3.708026 41.668958 37.155217
1248 V 12.860910 18.619165 23.816350
1249 I 42.269124 24.336999 26.645494
1250 I 20.033311 12.622392 12.288393
1251 V 5.296434 27.927821 29.327760
1252 V 39.535950 23.218892 48.758794
1253 V 3.304883 25.570523 20.643794
1254 I 28.883695 49.141531 44.446642
1255 V 1.153976 34.700653 32.356906
1256 V 19.918594 23.045227 21.018655
1257 I 33.300053 5.292217 30.834329
1258 I 22.935363 36.978062 27.944163
1259 I 18.850223 5.208014 11.220207
1260 I 42.260861 49.379042 43.003509
1261 V 42.790733 24.518065 18.126378
1262 V 38.452144 1.296712 24.509566
1263 I 15.725636 12.353233 17.867063
1264 V 34.636022 28.051504 22.310617
1265 V 19.931829 44.481978 21.783257
1266 I 46.243987 47.699168 43.015038
1267 I 41.389408 44.287884 41.280666
1268 I 19.994262 8.694508 20.352481
1269 V 45.151086 11.013607 45.025577
1270 V 10.667271 24.338698 25.708866
1271 I 5.133273 9.132941 1.948697
1272 V 7.136572 14.707189 39.674678
1273 V 46.060702 14.292778 37.318533
1274 V 11.630695 2.989967 23.306748
1275 I 36.938983 1.563203 28.495124
1276 I 32.086060 32.925560 42.838558
1277 V 45.915661 24.317383 14.918187
1278 V 16.283303 5.977187 42.316527
1279 V 48.582010 23.801386 37.956143
1280 V 6.344678 9.576883 5.646653
1281 I 43.594096 47.356936 8.551990
1282 I 4.898505 44.159032 48.716527
1283 I 42.292988 9.913525 10.965802
1284 V 26.337002 47.895910 9.556121
1285 V 30.918446 13.170013 28.226173
1286 I 22.901973 34.519425 18.466727
1287 V 18.132678 36.196079 20.089126
1288 V 41.035539 7.890194 37.774853
1289 V 12.985486 7.079085 28.219020
1290 I 11.623282 47.257278 21.462993
1291 I 32.582006 44.919640 45.345940
1292 V 43.251861 45.698092 3.899633
1293 V 41.634467 12.992043 38.332493
1294 V 17.018157 36.248417 15.007908
1295 V 46.331392 42.642470 0.756570
1296 V 6.897585 40.163084 22.901230
1297 I 23.202757 24.283432 36.661076
1298 V 49.158971 7.115421 2.035987
1299 V 40.900642 23.997759 1.878492
1300 V 1.000850 20.723926 24.253630
1301 I 47.383839 27.086517 3.021195
1302 V 37.452756 31.125784 26.767651
1303 V 16.439827 2.712299 14.862037
1304 V 38.711167 7.861987 22.939348
1305 V 39.435960 49.362507 12.660302
1306 V 22.220680 5.380436 18.400596
1307 I 45.473997 48.236014 37.227554
1308 I 3.934363 40.298757 33.986577
1309 I 5.207743 38.953165 21.841405
1310 V 24.095174 13.461135 18.574479
1311 V 37.666259 16.899439 45.664183
1312 I 16.922793 19.149252 47.511120
1313 V 11.307815 35.690190 11.126951
1314 V 9.968688 12.380853 42.893760
1315 I 26.065002 10.004300 8.184455
1316 V 47.841968 18.026140 26.549242
1317 I 4.424543 44.581038 30.478398
1318 I 36.605438 5.949750 40.805584
1319 V 22.846087 22.401649 36.864020
1320 I 19.002942 48.934672 24.864388
1321 I 41.135222 24.648434 29.564470
1322 I 29.995478 15.259536 13.583322
1323 V 28.598894 16.628947 42.037571
1324 I 28.895928 9.816383 2.575105
1325 V 37.638037 40.358453 44.953202
1326 V 31.343448 20.404282 8.340444
1327 I 33.778065 35.485365 22.655040
1328 I 35.582482 20.583244 35.364433
1329 I 13.807092 2.561593 47.685239
1330 V 35.958699 22.345133 14.150715
1331 V 8.736736 11.529100 42.090162
1332 V 27.243817 15.866524 18.029469
1333 I 30.250234 38.982828 39.562877
1334 I 42.888849 12.802091 16.596956
1335 V 4.213494 48.000674 16.839265
1336 I 4.062084 9.680085 35.199511
1337 V 41.667968 18.365351 37.648772
1338 V 1.512604 30.741596 38.921149
1339 V 5.368795 23.749739 9.636064
1340 V 33.537275 46.979936 27.908226
1341 I 46.190608 48.488333 40.123562
1342 I 24.840674 5.586475 16.954784
1343 I 10.390113 35.750260 24.713321
1344 V 46.847599 1.191337 2.664834
1345 I 28.585120 41.989665 43.414635
1346 I 21.009284 20.274512 25.509203
1347 I 43.012267 38.698942 48.518277
1348 V 43.110436 10.004796 26.678780
1349 V 24.488176 44.608750 9.448108
1350 I 17.420717 47.082512 4.959050
1351 V 7.176799 36.215046 43.424284
1352 I 36.214321 43.163330 17.279724
1353 V 9.600345 44.469490 28.245524
1354 V 45.963470 34.879816 31.041808
1355 I 0.060545 36.094912 26.677057
1356 I 49.939417 49.636847 44.917247
1357 V 5.920952 11.425411 21.656664
1358 V 9.672787 5.866999 24.036103
1359 I 15.799173 20.337532 12.532508
1360 I 11.480965 3.667923 29.657024
1361 I 2.066548 23.703798 35.300790
1362 V 34.070963 43.832927 22.347336
1363 I 37.552880 11.792259 7.028974
1364 I 4.699785 24.149867 41.400222
1365 V 24.823447 7.530419 8.599536
1366 V 2.313089 21.367172 43.812832
1367 I 31.672722 34.782186 22.741942
1368 I 40.915924 11.097215 26.013438
1369 V 42.523566 45.377472 10.128859
1370 V 15.109995 14.703363 47.678996
1371 I 48.389938 25.966678 4.047127
1372 V 37.924617 30.666608 40.823800
1373 I 8.632053 46.459396 35.518534
1374 I 21.699586 2.274349 4.989239
1375 I 39.146590 12.904273 14.850991
1376 V 16.818490 44.327699 18.768018
1377 I 36.854110 42.404603 34.097539
1378 V 33.998459 28.881606 24.980028
1379 I 29.991192 9.411675 26.904066
1380 I 25.428993 28.891815 47.597443
1381 V 6.298277 44.944224 19.743388
1382 V 8.033820 27.121438 32.187988
1383 I 15.488826 42.795378 21.108993
1384 I 13.635568 34.459849 47.176323
1385 I 5.311666 46.727835 5.384390
1386 V 14.509587 3.839206 7.070747
1387 V 9.728601 19.113844 27.981234
1388 V 7.657356 12.174771 41.428539
1389 V 21.032116 48.873835 3.565341
1390 V 8.573524 25.258288 45.806533
1391 V 39.441882 38.580372 25.496961
1392 I 19.307820 43.534883 48.185769
1393 I 12.065395 21.629039 5.185665
1394 V 49.749365 11.059382 42.863681
1395 I 9.598900 17.764709 9.510861
1396 V 46.174245 4.387876 19.129936
1397 V 2.054160 0.380408 28.556812
1398 I 0.961767 10.170685 9.018250
1399 I 23.572246 20.441920 1.041466
1400 V 23.470221 18.088738 20.674199
1401 I 49.036352 11.711591 20.214100
1402 V 9.957133 30.658370 15.391899
1403 I 1.899735 29.095663 40.937042
1404 I 32.853390 32.719560 3.113160
1405 I 7.684039 4.301484 30.732154
1406 I 5.117884 7.006344 18.422416
1407 I 15.176382 40.301476 3.339052
1408 V 47.004395 32.327044 24.729362
1409 V 21.495926 33.274847 39.449479
1410 I 22.267100 22.963518 47.266100
1411 I 10.665251 31.610238 45.752014
1412 V 47.304479 35.919726 22.957170
1413 I 1.830361 40.053493 19.828280
1414 I 25.177664 26.922191 21.314410
1415 I 35.125618 9.942390 0.712033
1416 V 11.157326 16.472387 39.852987
1417 I 46.726032 18.660179 19.532283
1418 V 29.389248 10.884399 6.206147
1419 I 49.278048 43.111914 37.814539
1420 I 17.435210 28.810266 19.524135
1421 I 16.306386 22.369267 44.487991
1422 I 16.238996 35.381842 39.672364
1423 I 1.775864 42.353595 5.770504
1424 V 15.900152 19.895903 19.052798
1425 I 10.714825 13.616843 45.323428
1426 I 11.234601 12.754301 38.955359
1427 V 44.502122 26.871658 40.150221
1428 V 35.780560 36.902498 37.700542
1429 I 49.703318 19.053726 9.112404
1430 I 37.004200 39.208750 9.376420
1431 I 1.195442 35.664220 2.726870
1432 I 20.304581 30.781716 11.014171
1433 V 1.023943 41.684607 27.346762
1434 V 22.560676 17.370219 24.146640
1435 V 26.976516 26.953099 44.902928
1436 V 21.040684 24.811970 44.314928
1437 I 37.972559 6.248809 19.672898
1438 V 16.533511 0.905540 18.379467
1439 V 5.678311 44.559404 25.178442
1440 I 26.207243 39.574816 38.387077
1441 I 20.554810 37.082840 8.230885
1442 I 3.993271 40.942140 32.252496
1443 I 9.099837 2.791517 49.007331
1444 I 26.306914 24.421927 18.347254
1445 I 27.420194 29.916275 28.746390
1446 V 11.102393 26.761876 13.611720
1447 V 27.444431 20.916336 22.898225
1448 I 36.899777 22.855851 43.198350
1449 I 32.997031 19.521456 41.995950
1450 V 22.140666 1.250885 7.935365
1451 V 1.184622 36.270418 11.660807
1452 I 13.650906 17.791581 44.709379
1453 V 45.294738 6.668035 15.716368
1454 V 14.199573 8.372835 16.213049
1455 V 33.990390 13.104377 39.200830
1456 I 29.210842 11.947995 3.423139
1457 I 27.259047 5.020244 26.065355
1458 V 26.501694 8.356794 36.051825
1459 V 7.207315 27.563273 1.140385
1460 I 37.219193 11.188369 7.650177
1461 I 36.505181 47.794603 5.810562
1462 V 21.614350 44.889444 17.804732
1463 V 32.634421 39.891872 43.124816
1464 V 12.851557 43.203064 37.187052
1465 V 28.851975 2.473572 0.195598
1466 I 10.499259 12.189056 19.305264
1467 V 35.579180 4.350232 25.369077
1468 V 18.448485 35.772811 39.742287
1469 V 46.309961 27.757891 29.124328
1470 I 36.524215 12.067495 11.250301
1471 V 28.952277 40.863966 26.677667
1472 V 25.534755 29.422915 19.038873
1473 I 32.269673 36.445000 12.396769
1474 V 27.816158 15.407976 8.170458
1475 I 15.859426 38.762311 24.764930
1476 V 24.542514 11.952572 14.705780
1477 V 13.860131 46.155593 41.743290
1478 V 20.420323 21.755831 33.962145
1479 I 7.498134 47.562226 2.614342
1480 I 25.837877 17.327757 18.056599
1481 I 10.191323 18.766006 39.307751
1482 I 23.692724 9.611803 7.376039
1483 V 34.213147 42.773400 14.228197
1484 I 1.169805 27.410268 30.003725
1485 V 43.133262 39.286751 38.943866
1486 V 6.295461 42.449799 41.311777
1487 V 27.221412 4.736947 10.701245
1488 V 5.615539 5.406091 44.553426
1489 V 7.952244 11.129228 43.151156
1490 I 44.756823 45.139771 35.576804
1491 V 27.931985 28.859440 30.019364
1492 V 30.136205 32.233476 3.333645
1493 V 9.638935 1.604598 29.455821
1494 I 48.285807 12.822381 13.718174
1495 I 17.531277 11.018539 25.752115
1496 I 44.743345 5.926499 5.030661
1497 V 39.397199 7.634320 38.484782
1498 I 47.034295 7.216563 18.404605
1499 V 48.271176 21.514919 12.519070
1500 I 8.653381 35.522182 28.399038
1501 I 42.128103 26.945140 36.575226
1502 I 46.321255 0.921777 37.569245
1503 V 23.161780 10.418251 44.105293
1504 V 34.485206 7.109158 46.716046
1505 I 28.314906 14.159447 18.510344
1506 V 43.412336 17.493558 16.288497
1507 V 31.561798 38.107665 31.518451
1508 V 16.958653 8.850284 44.069858
1509 I 12.676365 9.587183 8.728944
1510 V 20.250588 8.609234 9.309371
1511 I 46.559109 7.720300 47.679153
1512 I 28.437691 35.177046 34.166255
1513 I 32.630034 20.688887 30.552918
1514 I 34.256893 33.603137 34.245448
1515 I 37.841454 24.741302 13.918268
1516 I 3.689709 37.440021 45.380664
1517 V 21.354380 42.939703 48.606215
1518 V 30.073813 9.455920 15.876288
1519 I 40.687999 23.986541 30.877837
1520 I 4.296744 49.372336 41.511178
1521 V 30.488087 26.416135 43.712511
1522 I 35.680770 41.294808 30.725498
1523 I 34.528774 27.064587 43.933619
1524 I 8.111833 31.799700 44.423177
1525 I 29.819984 9.383255 39.140256
1526 I 15.023128 42.002449 44.314585
1527 I 3.541600 29.696366 45.674639
1528 I 27.917233 32.499004 10.735694
1529 V 12.077444 6.888032 39.304510
1530 I 2.457759 15.324201 11.968278
1531 I 39.990597 28.797264 23.832998
1532 I 18.863075 10.113694 17.788606
1533 V 25.849465 30.699672 5.256686
1534 V 1.782741 5.562451 8.499232
1535 I 19.571460 47.411550 42.832320
1536 I 40.286271 11.023062 22.733134
1537 I 42.049607 43.490994 45.580935
1538 I 14.563115 16.018791 7.816831
1539 V 4.186440 42.281563 44.148712
1540 V 0.696070 38.920096 4.322035
1541 V 13.925539 15.579298 34.701733
1542 V 48.175596 25.045234 13.031625
1543 V 38.923803 18.419226 8.283847
1544 I 37.122674 37.678844 18.940226
1545 V 22.703035 28.254779 15.350395
1546 I 19.420484 13.862847 47.469492
1547 V 45.958373 14.364473 28.972998
1548 I 49.051141 47.542383 11.603005
1549 V 22.938620 1.345495 47.335538
1550 I 4.108402 21.704043 23.492874
1551 I 48.131551 19.979557 32.277767
1552 V 34.207238 36.130160 29.328673
1553 I 44.236706 18.367542 49.731427
1554 V 19.893143 48.217320 22.566995
1555 I 16.496146 7.300016 19.738648
1556 V 45.538079 35.009038 11.023709
1557 I 14.810714 10.828035 49.903844
1558 I 48.178740 28.288009 4.888311
1559 I 27.527884 7.707839 12.187234
1560 I 32.444913 18.459965 12.811710
1561 I 14.093658 36.311765 11.127828
1562 I 45.771554 22.752871 2.868566
1563 I 45.687565 1.309381 47.259451
1564 V 37.707437 0.580112 24.214075
1565 V 48.949412 45.539126 49.599000
1566 V 22.772159 23.580914 25.043849
1567 V 44.874559 35.154442 32.154344
1568 V 11.061667 30.923791 43.388981
1569 V 7.104839 26.182596 34.931006
1570 V 32.194934 42.851367 32.109259
1571 I 16.627500 9.703497 7.425671
1572 I 23.097473 20.355311 29.007139
1573 I 3.418241 11.958490 20.187071
1574 I 9.561525 29.516060 21.151784
1575 I 21.794020 26.990386 37.292604
1576 V 8.999000 36.147733 33.252213
1577 I 13.248449 42.617766 19.987408
1578 I 42.239178 11.558183 27.765996
1579 I 43.037355 17.749104 34.361709
1580 I 49.046871 35.348231 37.442538
1581 I 13.028431 36.888342 23.145885
1582 V 6.232628 45.227023 47.571743
1583 V 39.152935 39.218710 5.411999
1584 V 6.740959 45.987564 28.179397
1585 V 27.603691 1.594449 24.355020
1586 V 20.003043 22.245076 48.868613
1587 I 39.611346 42.400983 6.582432
1588 V 8.595852 43.381905 27.309687
1589 I 34.797124 39.930050 38.912922
1590 V 19.161396 47.040223 27.788188
1591 I 26.178312 29.666162 32.299339
1592 V 22.081556 45.680029 39.138076
1593 V 34.225679 10.296178 15.389588
1594 V 27.235222 3.153114 14.289724
1595 V 13.790189 23.995977 4.334398
1596 V 45.384767 32.407796 24.947209
1597 V 39.954295 38.963019 40.203978
1598 I 14.266820 41.267373 15.012731
1599 V 44.548038 36.494257 1.568552
1600 V 10.726038 2.465879 42.244435
1601 I 13.896591 21.402621 31.464227
1602 I 34.317161 6.880422 38.077113
1603 V 42.376700 12.341268 25.853726
1604 V 20.269716 19.063605 33.715250
1605 V 48.922557 9.603753 22.976941
1606 I 34.628052 47.174856 3.440001
1607 V 26.060702 40.180064 4.918368
1608 I 3.883937 40.690381 46.935078
1609 V 1.974403 32.890051 5.976516
1610 V 17.598093 29.509513 6.781231
1611 I 26.100794 44.106947 14.289184
1612 V 16.332289 37.522624 8.485029
1613 V 32.413541 13.386475 9.205061
1614 V 10.881850 48.039748 29.000520
1615 V 27.574718 7.333650 24.710861
1616 V 26.748773 5.837589 12.001653
1617 I 20.864049 17.632856 16.315458
1618 I 8.198992 2.509355 49.385966
1619 V 6.879965 38.935867 9.824333
1620 V 16.389085 48.025863 48.476620
1621 V 12.825842 13.346262 14.134910
1622 V 1.813089 16.043077 35.161190
1623 I 18.704878 40.164742 13.512962
1624 I 25.137823 34.259621 42.601020
1625 V 33.439046 23.135354 9.949353
1626 V 38.261844 42.245690 31.177934
1627 V 30.851122 15.155427 49.645316
1628 I 9.624473 15.043863 36.770168
1629 I 36.594362 21.355225 27.903378
1630 V 9.213440 40.017772 42.111268
1631 I 27.186442 36.886332 38.722683
1632 I 43.936380 47.659148 0.708158
1633 I 34.398935 45.146921 39.109380
1634 I 36.597486 32.992816 16.359030
1635 I 40.201824 38.200959 8.520400
1636 I 42.146615 37.263041 39.884301
1637 V 28.880901 13.879018 21.869830
1638 V 47.151667 21.040102 4.114418
1639 I 1.590382 16.470666 7.425054
1640 V 48.921477 28.715373 17.199924
1641 I 5.219919 29.990184 43.258586
1642 I 16.197972 30.436621 13.123800
1643 I 30.936390 10.088102 44.619577
1644 V 12.498091 39.720905 14.930065
1645 I 41.580355 2.993904 17.188331
1646 V 46.254999 23.515267 20.003785
1647 V 27.034402 35.075964 37.801549
1648 V 14.358426 28.447507 36.111016
1649 I 33.456731 9.699526 9.536096
1650 I 13.335780 24.326254 6.421226
1651 I 46.360791 24.370105 29.324962
1652 I 39.090877 13.297404 31.414356
1653 I 36.430612 0.657112 40.088351
1654 V 43.122837 4.893006 4.367979
1655 V 37.244291 11.671607 3.402871
1656 I 40.121984 19.587509 2.160925
1657 I 19.320014 27.766740 5.288803
1658 I 11.149052 26.630366 15.316096
1659 I 17.033998 29.473446 13.153848
1660 V 36.986728 40.953520 38.969169
1661 V 34.612763 43.855605 34.595114
1662 I 11.791968 18.688547 29.619312
1663 I 20.683625 46.851522 16.051521
1664 V 4.784165 22.023368 37.128467
1665 V 24.953715 40.969484 23.611898
1666 I 17.297143 35.064708 22.297305
1667 V 29.250404 3.556153 24.229519
1668 V 31.354016 16.410927 0.308051
1669 V 14.341136 12.879028 48.382671
1670 V 19.696821 3.307963 24.660464
1671 I 31.209922 39.764934 14.495006
1672 V 38.859055 7.769670 36.617729
1673 I 9.601806 11.750802 12.011320
1674 V 31.502061 40.784198 39.321434
1675 V 49.529800 5.544853 1.550668
1676 I 33.247883 13.077207 24.677537
1677 V 40.199517 16.637500 47.714147
1678 V 46.515479 24.764487 44.695998
1679 V 36.501879 11.777595 21.282679
1680 I 5.181967 0.985592 25.237351
1681 I 42.316543 26.541217 6.461884
1682 V 12.982460 6.955781 49.264773
1683 I 22.288315 41.243923 16.581063
1684 V 10.473970 42.652548 25.012601
1685 I 28.351618 5.496145 29.932743
1686 V 23.753691 28.501595 22.506278
1687 V 1.144493 8.528811 38.941275
1688 V 3.283952 7.272339 43.457662
1689 V 0.142850 10.477347 41.151701
1690 I 9.887661 4.193920 12.736747
1691 I 22.828984 8.378299 1.411321
1692 V 14.222467 25.655649 30.157073
1693 V 48.537043 26.102517 43.366425
1694 V 3.621161 33.171536 21.326921
1695 V 16.356932 0.338762 22.028247
1696 I 42.902167 16.393678 41.456145
1697 V 2.693608 4.049045 17.396532
1698 V 26.971470 14.757431 46.689347
1699 V 24.484455 5.639221 13.643322
1700 I 6.277075 26.102047 36.896393
1701 V 45.461555 9.882716 41.631285
1702 I 6.278705 20.218915 38.220410
1703 V 26.428225 22.584993 20.436722
1704 I 17.424397 45.108149 18.330840
1705 V 35.632820 45.441669 44.535326
1706 I 15.058543 1.859714 46.544419
1707 V 17.880004 26.810222 4.022126
1708 V 42.331783 34.794368 45.480409
1709 V 17.323019 5.811071 18.159841
1710 I 46.448192 3.894678 20.671332
1711 I 44.498721 44.437227 21.565494
1712 I 10.868219 15.073452 35.193357
1713 V 1.739338 26.892684 25.916015
1714 V 21.487866 35.283095 3.087999
1715 I 46.409483 7.621792 6.329673
1716 I 28.123624 35.620338 23.579556
1717 I 14.029890 28.798052 40.607570
1718 V 7.519419 49.980511 49.901598
1719 I 11.094203 7.618859 25.372260
1720 I 13.264357 49.972471 10.507561
1721 V 48.940169 11.449020 16.024411
1722 I 25.572466 5.542107 13.120543
1723 I 47.723575 6.647860 28.683902
1724 V 48.189877 19.996024 3.877171
1725 V 30.410519 23.149455 17.483131
1726 I 9.943875 24.599956 47.611870
1727 I 27.761834 8.639785 31.194591
1728 V 12.607555 16.967497 36.756027
1729 I 28.113737 10.789821 9.487854
1730 V 28.327974 33.456837 37.959236
1731 I 10.143640 37.841604 31.757665
1732 V 37.431058 22.531789 40.015294
1733 I 5.630922 25.461482 33.400236
1734 V 46.983637 36.463650 39.782342
1735 V 5.540212 48.220870 1.940671
1736 V 31.169354 32.861936 7.070204
1737 I 16.092343 40.611427 27.092502
1738 I 15.960757 0.567099 27.964056
1739 I 22.703366 34.005847 7.033249
1740 I 29.052388 41.177271 1.093110
1741 V 48.421308 13.361224 32.948465
1742 I 8.781107 33.613082 37.473199
1743 I 25.434134 11.107563 36.916032
1744 V 32.176616 7.035519 0.014592
1745 V 4.056395 40.482991 4.304311
1746 I 6.895493 14.484129 1.324186
1747 V 3.831880 34.504323 3.135458
1748 V 38.708501 48.858571 31.714825
1749 V 47.689145 25.462603 40.528378
1750 I 43.266160 28.653426 26.469092
1751 V 14.700463 21.945429 29.790594
1752 V 21.031887 38.248000 3.832157
1753 I 35.065110 23.730779 42.346423
1754 I 10.369994 37.643730 15.205085
1755 V 30.081396 27.065583 49.915537
1756 I 14.582071 1.858684 14.822146
1757 I 43.448972 43.779268 15.768182
1758 V 0.151208 4.608306 23.674808
1759 V 17.198026 25.407060 32.120356
1760 V 3.932530 30.337920 0.031262
1761 I 26.005752 29.954732 31.431735
1762 V 31.993852 43.646003 42.409586
1763 I 9.044392 20.657742 42.461248
1764 V 45.927785 39.424413 12.901618
1765 V 25.040875 24.694348 3.965664
1766 V 42.789761 24.583272 43.128249
1767 V 22.871648 23.454470 42.591150
1768 V 28.371736 13.493463 18.347131
1769 I 22.640615 47.123324 2.243265
1770 I 43.712943 42.928356 44.199541
1771 I 44.777779 29.629084 6.564127
1772 I 3.063934 8.127723 15.714603
1773 I 10.577075 33.616519 0.348604
1774 V 29.677923 38.878089 21.562585
1775 V 7.835390 13.964132 5.529581
1776 I 36.802063 47.659302 39.715942
1777 I 38.980597 21.533777 9.403241
1778 V 34.040649 39.447362 15.837862
1779 I 18.899925 39.186505 28.215030
1780 V 37.407478 2.787326 6.237141
1781 V 29.912274 29.012596 43.887170
1782 V 38.739190 43.244550 21.926270
1783 I 47.672997 4.976618 38.664817
1784 I 27.511582 21.200590 47.187568
1785 I 29.461147 14.332614 19.820596
1786 V 13.509915 20.841352 32.918660
1787 V 43.902434 45.446210 45.091149
1788 V 42.001652 29.073368 10.137851
1789 I 18.412798 10.624875 4.624201
1790 I 11.375545 23.388337 1.361116
1791 V 21.266460 18.492233 12.281596
1792 I 6.251859 26.183408 0.940522
1793 V 39.281289 6.530226 13.053008
1794 V 41.568916 31.267423 3.618083
1795 V 37.395678 12.925146 11.160971
1796 I 46.795353 32.485153 37.809707
1797 V 9.671346 25.132113 18.335409
1798 V 42.941128 12.913036 11.020306
1799 I 37.929619 4.322154 43.469002
1800 V 31.272300 33.631263 14.532386
1801 I 46.829631 43.092322 18.452330
1802 I 7.996280 27.965203 3.204735
1803 I 0.794535 4.205093 22.340570
1804 I 16.156593 34.444247 40.013813
1805 I 40.574467 22.642619 45.506610
1806 I 18.296475 14.569388 38.291113
1807 I 40.588505 1.330240 21.241133
1808 V 44.452478 28.007316 21.382315
1809 V 13.448240 8.252948 0.443564
1810 V 14.858878 25.860688 15.795256
1811 I 0.222584 18.120473 27.599602
1812 V 39.674755 20.990586 4.146331
1813 V 20.753890 19.422418 6.344534
1814 I 16.544625 17.374495 25.230678
1815 I 36.340940 37.819060 2.990480
1816 V 44.829253 19.503348 35.663142
1817 I 18.403920 3.768977 9.935100
1818 V 46.489215 27.121024 2.145388
1819 I 35.293620 15.172022 14.038415
1820 I 48.958834 10.437986 39.706376
1821 I 9.913398 43.450151 37.064587
1822 I 29.596310 38.789474 39.982433
1823 V 43.154779 40.316511 11.581302
1824 I 5.426148 42.859933 22.647404
1825 I 28.684992 24.009404 23.089500
1826 V 44.662961 30.674187 29.037313
1827 V 8.560853 49.003961 13.185388
1828 I 30.929624 34.946051 10.034043
1829 I 7.589602 1.933616 25.436723
1830 V 49.637134 7.240623 23.697846
1831 I 45.889153 19.036056 30.457118
1832 I 17.227744 31.866184 1.786061
1833 I 19.136001 47.116456 32.544246
1834 I 49.246810 24.135613 37.220104
1835 V 20.012659 45.027550 25.149241
1836 V 8.303672 15.215098 30.514931
1837 V 20.268909 23.483994 38.700925
1838 V 24.711029 31.697308 19.953223
1839 I 43.700624 16.198859 5.393344
1840 V 4.197739 0.007976 43.375106
1841 I 3.412872 18.857823 17.921934
1842 V 1.123957 44.891572 2.124842
1843 I 43.665795 30.649350 26.168951
1844 I 32.058027 22.734025 24.969810
1845 V 12.948196 28.015049 24.829427
1846 V 27.367699 45.079950 40.264137
1847 V 24.700729 1.844999 43.783666
1848 V 10.622732 31.173044 5.718232
1849 V 11.055583 10.144222 9.382181
1850 V 27.698851 44.148202 16.548048
1851 I 6.615518 17.359930 26.615311
1852 I 2.705121 43.361517 5.328709
1853 I 19.327069 38.990980 40.606505
1854 V 16.008663 13.799718 41.619498
1855 I 47.226552 32.670194 8.042577
1856 I 35.674375 47.548537 0.613137
1857 V 40.715952 39.055411 14.153157
1858 I 24.643992 39.568886 37.017911
1859 I 14.863369 24.852499 10.020051
1860 I 6.574081 9.378451 35.543080
1861 V 18.356190 39.710314 49.731504
1862 V 39.057572 48.359754 12.419035
1863 I 11.287772 33.563375 19.396027
1864 I 4.694968 37.143211 43.010884
1865 I 49.331134 2.936270 19.608756
1866 I 13.146290 39.167486 47.727200
1867 V 30.846046 33.840820 30.568411
1868 I 16.806058 10.989340 17.309682
1869 I 8.999410 30.833280 44.657371
1870 I 11.357907 29.593172 22.716679
1871 I 49.198736 23.506397 33.629626
1872 V 4.954623 2.520550 4.576788
1873 I 17.736314 43.905685 49.974881
1874 V 32.041413 48.973448 1.322261
1875 I 3.382979 26.864040 46.983134
1876 I 26.892923 27.462440 21.678651
1877 V 0.200919 2.756474 25.785310
1878 V 12.376144 23.569965 0.043393
1879 V 36.256729 34.863719 3.335073
1880 I 13.526561 14.459731 38.687684
1881 V 32.412198 46.042030 30.585286
1882 I 21.721116 47.016351 39.600573
1883 V 13.703584 37.797966 21.493044
1884 V 27.787444 7.369995 27.583055
1885 V 36.459530 24.393385 7.907128
1886 I 18.550478 1.030495 47.753189
1887 I 17.779564 36.605333 13.458543
1888 V 8.988856 44.718148 35.032257
1889 I 25.634772 12.399515 34.629346
1890 V 1.100123 11.083159 30.156615
1891 I 33.751254 42.952486 17.210058
1892 I 38.800167 29.196069 5.492051
1893 V 12.670337 22.826437 6.308049
1894 I 0.841394 33.346937 1.927021
1895 V 1.901011 11.154838 0.242352
1896 V 31.796834 34.863824 14.981134
1897 I 42.235259 21.367287 21.796535
1898 I 44.125926 2.415538 35.515439
1899 V 30.181960 21.697406 12.641846
1900 I 11.384987 33.083555 8.369471
1901 V 44.088070 14.543475 47.266509
1902 I 21.775311 21.646936 33.565527
1903 I 35.126106 24.628365 7.039864
1904 I 38.301996 24.813442 13.951666
1905 I 30.822329 49.861495 45.225175
1906 V 5.438783 6.371208 20.085798
1907 I 44.862109 1.639119 49.143185
1908 I 12.099116 23.031316 39.266122
1909 V 35.339332 40.076609 22.768997
1910 I 45.292248 22.757885 36.757867
1911 I 43.796682 41.923422 34.001959
1912 I 46.951358 17.438990 32.416173
1913 V 20.815938 26.320600 29.436268
1914 V 1.228956 20.421608 43.049635
1915 V 13.775899 19.668232 41.116905
1916 I 44.553898 42.456182 21.113132
1917 V 6.357006 14.715099 2.544556
1918 V 15.307668 2.941568 7.110615
1919 V 43.116497 18.712976 20.681353
1920 I 24.837164 45.475716 3.812284
1921 I 31.173497 30.340163 16.055953
1922 V 2.693709 17.955828 44.266294
1923 I 22.085244 17.119438 37.463936
1924 V 41.796913 26.361060 4.436697
1925 I 2.427530 21.757207 11.373739
1926 V 48.954448 34.676194 14.286617
1927 V 48.797170 31.761271 43.217757
1928 V 38.476759 14.312672 21.494577
1929 V 33.264049 3.608835 47.240175
1930 V 4.547876 32.284294 44.879692
1931 V 7.699021 31.741419 35.450449
1932 V 6.897832 4.615302 13.952285
1933 V 2.232950 43.712424 29.504279
1934 I 12.091652 25.208048 16.786818
1935 I 31.724314 28.604685 41.137545
1936 V 29.810754 44.874635 20.022559
1937 V 35.056299 27.129951 27.798036
1938 V 21.585301 46.081352 4.314482
1939 I 27.382844 34.198226 28.353984
1940 I 6.880940 33.110221 8.460513
1941 V 38.289352 15.651692 40.410014
1942 I 16.966957 16.610901 2.739320
1943 V 7.943592 34.978022 10.409764
1944 V 39.717814 13.266285 40.527537
1945 I 23.466649 7.599132 16.560266
1946 I 42.351481 7.401736 43.507828
1947 V 27.135683 33.558118 32.643276
1948 I 11.068974 20.052140 34.604642
1949 V 46.104169 24.440847 23.782329
1950 I 4.464781 24.924369 23.881893
1951 I 40.643555 12.165697 28.252724
1952 I 16.154940 38.855863 4.335689
1953 I 40.478939 44.163169 18.646027
1954 I 41.268678 34.359002 9.560787
1955 V 8.064988 18.476630 5.396882
1956 V 16.819004 34.776615 27.089072
1957 V 5.909350 1.499664 32.548176
1958 V 14.486586 10.070338 8.511557
1959 I 3.337067 30.612642 5.455541
1960 I 24.001099 47.418511 27.720075
1961 V 27.548406 41.705476 28.151840
1962 I 30.053407 37.024417 8.166912
1963 V 36.726840 3.031272 32.246137
1964 I 0.916869 6.649847 20.967704
1965 V 39.915136 47.326846 42.340241
1966 V 28.813165 21.449422 22.128725
1967 I 14.824382 29.971757 14.026011
1968 V 12.029736 45.436567 43.054770
1969 V 45.385937 34.578386 45.454723
1970 I 6.320675 43.126890 48.929034
1971 I 3.515504 1.082833 6.484324
1972 V 1.133006 1.366884 38.830483
1973 V 17.454370 30.863414 25.235339
1974 I 36.541652 0.248880 21.398182
1975 V 35.895881 48.665487 11.592832
1976 I 35.498195 33.342017 32.737717
1977 V 1.946732 24.090615 9.421622
1978 I 41.816587 44.307621 37.159779
1979 V 3.452280 45.601180 45.032890
1980 V 44.529739 29.254743 27.684285
1981 V 40.711134 49.763476 45.771311
1982 I 35.183775 37.401094 43.134817
1983 V 13.537410 12.921783 34.914483
1984 I 24.574887 33.585892 11.103270
1985 I 5.493649 8.810961 42.054276
1986 V 6.314410 30.492754 5.817978
1987 V 17.690482 18.656465 45.028613
1988 I 16.028875 43.900199 9.959429
1989 V 40.960509 0.616320 32.705895
1990 V 43.911995 30.760534 47.526652
1991 I 20.252992 45.466371 10.996136
1992 V 9.652627 29.627617 25.161240
1993 I 42.900996 37.482787 30.773281
1994 V 42.978474 45.828685 21.888671
1995 I 24.434516 13.497427 30.803953
1996 I 12.169420 19.831213 49.617260
1997 V 0.970700 8.309216 45.677137
1998 V 20.525017 11.647934 20.792572
1999 V 46.412100 31.478423 4.837608
2000 I 23.709921 17.694461 40.626768
